807
807
808
808
791
784
784
820
837
837
847
847
830
850
850
873
873
874
874
843
854
854
828
828
835
827
827
822
822
823
796
796
810
816
816
800
800
800
841
841
831
831
819
842
842
828
828
1070
1070
626
853
853
834
873
873
872
872
846
846
868
883
883
837
837
835
837
837
811
811
804
858
858
868
868
840
835
835
906
906
897
897
864
919
919
915
915
866
866
872
872
903
903
896
869
869
896
896
956
956
988
988
934
934
949
949
974
974
1113
1113
739
955
955
917
917
896
896
918
918
881
887
887
951
951
900
900
864
864
881
878
878
899
899
942
942
934
934
889
921
921
943
943
916
916
895
895
938
938
964
964
924
914
914
950
950
958
958
893
893
924
924
951
951
941
941
899
941
941
951
951
910
910
901
901
928
928
929
879
879
903
903
911
911
886
886
860
887
887
901
901
870
865
865
901
901
936
936
883
883
900
936
936
919
919
881
881
907
907
910
910
875
861
861
909
909
927
927
873
896
896
923
923
882
882
893
893
896
896
896
865
865
896
896
899
899
861
876
876
885
885
858
863
863
908
908
902
902
868
868
908
920
920
877
877
870
870
905
905
900
878
878
920
920
940
940
896
896
907
936
936
944
944
902
902
935
935
963
963
929
929
907
907
950
955
955
897
897
927
927
933
933
909
909
905
950
950
945
945
898
898
917
917
940
940
914
914
883
946
946
968
968
938
938
952
952
974
974
937
937
896
896
931
931
925
871
871
890
890
897
897
866
875
875
923
923
911
911
877
925
925
933
933
887
887
908
908
921
921
909
859
859
932
932
936
936
887
887
912
912
926
870
870
858
858
883
883
879
847
847
870
870
884
855
855
841
841
861
861
856
824
824
857
857
887
861
861
847
847
870
870
876
844
844
876
876
891
891
875
838
838
867
867
870
861
861
857
857
862
862
971
971
932
884
884
918
918
938
938
919
919
894
894
935
930
930
906
906
867
867
920
920
948
948
915
904
904
917
917
859
859
889
889
878
843
843
859
859
889
851
851
848
848
894
894
875
857
857
896
896
925
925
896
896
905
952
952
953
953
896
896
948
948
971
971
938
938
922
922
959
959
937
904
904
946
946
938
938
913
913
991
991
1026
1026
950
950
1001
1001
1044
1044
990
990
1007
1007
1032
1032
971
971
1003
1003
1009
1009
977
977
1021
1021
1024
1024
938
938
956
956
925
925
898
945
945
942
942
902
902
965
965
963
963
938
938
1013
1013
984
984
942
942
1025
1025
1016
1016
971
971
1024
1024
976
976
953
953
1017
1017
987
987
949
949
1002
1002
968
964
964
1016
1016
990
990
978
978
1034
1034
1007
1007
946
946
994
994
972
972
940
940
1017
1017
1022
1022
993
993
1073
1073
1053
1053
1053
1016
1016
1048
1048
979
979
1025
1025
1023
1023
993
993
1022
1022
1034
1034
976
976
1009
1009
957
957
956
956
991
991
975
947
947
1019
1019
1035
1035
1035
998
998
1075
1075
1059
1059
996
996
1046
1046
1063
1063
1016
1016
985
985
1012
1012
1030
1030
974
974
1003
1003
1043
1043
1015
1015
971
971
1013
1013
1025
1025
972
972
1010
1010
1042
1042
1021
1021
969
969
996
996
983
983
928
928
952
952
981
981
929
929
976
976
1001
1001
940
969
969
958
958
908
908
941
941
947
947
898
898
922
950
950
923
923
920
920
971
971
966
966
936
936
989
989
984
984
936
936
990
990
925
902
902
935
935
963
963
926
926
979
979
995
995
923
923
941
941
920
881
881
915
915
883
883
898
857
857
844
844
858
851
851
832
832
878
878
911
877
877
882
882
902
902
858
827
827
857
857
898
898
918
893
893
938
938
960
960
910
910
935
935
952
952
912
912
942
942
940
904
904
935
935
930
930
897
897
890
899
899
874
874
879
879
889
865
865
900
900
902
902
885
885
930
911
911
915
915
944
944
927
927
929
929
952
952
1214
1214
636
885
885
879
879
880
880
857
854
854
839
839
828
800
800
794
780
780
772
787
787
764
776
776
771
756
756
762
761
761
752
764
764
754
754
776
801
801
788
775
775
777
761
761
771
769
769
775
775
773
780
780
772
780
780
779
770
770
1019
1019
835
835
1166
1166
775
775
766
797
797
825
820
820
841
841
875
875
860
863
863
900
900
871
871
853
872
872
857
857
867
903
903
871
871
877
877
908
908
889
871
871
923
923
907
907
866
866
886
872
872
858
858
874
859
859
854
854
906
906
877
882
882
920
920
908
908
883
883
918
918
915
873
873
927
927
941
941
901
901
959
959
968
968
915
969
969
974
974
908
908
961
961
980
980
916
916
917
917
947
947
906
911
911
955
955
921
921
954
954
978
978
925
925
961
961
918
898
898
922
922
936
936
886
886
907
907
918
879
879
881
881
886
886
854
876
876
916
916
888
888
894
918
918
890
890
914
914
948
948
923
923
958
958
977
977
902
926
926
921
921
873
873
902
902
922
886
886
884
884
943
943
950
950
902
902
946
952
952
901
901
932
932
935
935
893
893
928
928
948
891
891
927
927
944
944
895
895
927
927
948
948
898
895
895
941
941
926
926
887
887
910
914
914
884
884
855
855
869
870
870
839
839
876
890
890
847
847
870
870
891
882
882
883
883
931
931
920
920
888
888
896
922
922
964
964
921
921
917
917
942
942
959
959
914
914
960
981
981
929
929
987
987
1018
1018
982
982
1029
1029
1063
1063
1063
1021
1021
990
990
999
999
990
990
950
994
994
1023
1023
1023
983
983
1036
1036
1052
1052
1001
1001
998
998
974
974
899
922
922
937
937
886
886
941
941
952
952
918
979
979
980
980
928
928
979
979
942
942
912
912
945
945
926
926
930
981
981
931
931
968
968
999
999
950
950
962
962
1017
1017
993
993
957
957
1024
1024
1011
1011
944
944
953
953
981
981
953
953
917
917
960
1239
1239
1239
628
945
945
885
885
942
942
954
954
907
962
962
980
980
927
927
965
965
971
971
920
920
954
954
922
922
869
884
884
879
879
845
861
861
862
862
842
879
879
846
846
823
823
828
814
814
805
824
824
827
827
830
851
851
907
907
895
895
1069
1069
759
917
917
891
891
938
938
945
945
900
900
944
944
949
949
906
957
957
984
984
930
930
973
973
955
955
903
903
955
955
947
947
901
941
941
944
944
907
907
952
952
933
933
919
919
969
969
975
975
937
978
978
1005
1005
955
955
988
988
999
999
954
954
963
963
975
975
943
943
983
983
1017
1017
950
950
1001
1001
1014
1014
966
966
909
909
955
955
968
913
913
971
971
998
998
941
941
985
985
1001
1001
931
931
975
975
974
974
924
924
984
984
972
972
934
950
950
905
905
883
883
930
930
928
928
831
896
896
864
864
873
889
889
854
854
862
862
880
849
849
882
882
922
922
858
877
877
902
902
927
927
904
904
988
988
963
963
965
965
1021
1021
981
981
956
956
998
998
956
930
930
978
978
944
944
919
919
979
979
938
938
911
911
941
935
935
936
936
982
982
953
953
955
955
1012
1012
972
972
979
979
997
997
923
923
953
953
934
934
922
975
975
909
909
937
937
973
973
925
925
953
953
983
983
924
924
961
927
927
913
913
963
963
952
952
917
917
979
979
962
962
938
938
1006
1006
963
963
1065
1065
1035
1035
1052
1052
1008
1008
958
958
1004
1004
977
977
934
934
999
999
1001
1001
956
956
1024
1024
993
993
1017
1017
1073
1073
1048
1048
995
995
1046
1046
1029
1029
965
965
997
997
1038
1038
1016
1016
960
960
995
995
1009
1009
963
963
1012
1012
1009
1009
1235
1235
1235
698
1001
1001
948
948
931
931
960
938
938
925
925
977
977
958
958
914
914
955
955
966
966
929
992
992
992
1019
1019
981
981
945
1017
1017
1017
1023
1023
962
950
950
948
948
871
871
853
853
876
884
884
909
909
873
873
852
922
922
932
932
888
888
939
939
932
932
886
938
938
918
918
876
876
901
901
901
860
860
867
867
907
907
914
880
880
917
917
924
924
878
878
921
920
920
888
888
948
948
946
946
909
909
938
938
959
959
916
956
956
968
968
930
930
960
960
1005
1005
992
992
968
968
1086
1086
1008
1008
1050
1050
1024
1024
1024
1050
1050
1047
1047
969
969
993
993
1015
1015
948
948
1000
1000
1053
1053
1005
1005
998
998
1030
1030
965
965
988
988
1007
1007
948
986
986
995
995
939
939
977
977
993
993
942
942
987
987
944
944
898
898
904
880
880
857
857
819
868
868
911
911
867
867
916
916
973
973
929
938
938
987
987
962
962
948
948
1002
1002
990
990
948
948
992
992
996
996
962
962
1021
1021
1044
1044
1001
1001
1060
1060
1089
1089
1089
1043
1043
1083
1083
1072
1072
1027
1027
1068
1068
1081
1081
1021
1021
1021
1050
1050
996
996
989
989
1091
1091
1090
1090
1007
1007
1021
1021
1016
1016
943
943
993
993
1002
1002
928
928
959
952
952
907
907
933
933
932
932
891
891
929
946
946
887
887
920
920
946
946
918
918
954
954
952
935
935
997
997
990
990
971
971
1020
1020
978
978
1026
1026
1013
1013
980
980
1009
1009
1028
1028
1028
1004
1004
1017
1017
1026
1026
959
959
968
957
957
895
895
921
921
914
914
876
925
925
933
933
901
901
962
962
942
942
909
909
957
947
947
906
906
959
959
945
945
913
913
989
989
1024
1024
1000
1000
975
975
1174
1174
1028
1028
1045
1045
1045
1071
1071
1023
1023
1039
1039
1050
1050
1000
1000
960
960
997
997
984
984
929
929
966
981
981
945
945
984
984
991
991
942
942
998
998
965
965
939
939
979
979
928
928
907
942
942
900
900
908
908
959
959
921
921
905
925
925
953
953
911
911
965
965
971
971
922
922
969
969
927
927
939
982
982
957
957
1021
1021
1076
1076
1076
1002
1002
1035
1035
1040
1040
1025
1025
961
961
995
995
943
943
918
924
924
895
895
901
901
914
914
876
916
916
924
924
873
873
864
899
899
889
889
868
868
895
895
913
870
870
882
882
914
914
909
909
883
937
937
956
956
934
934
932
932
1009
1009
1015
1015
988
988
1040
1040
1011
1011
935
935
964
964
958
958
885
885
908
926
926
881
881
911
911
980
980
951
951
957
957
985
985
940
944
944
950
950
897
897
943
943
968
968
942
942
1015
1015
1063
1063
1009
1009
1008
1008
1057
1057
1006
1006
995
995
1043
1043
1041
1041
977
977
1040
1040
1063
1063
1063
971
939
939
979
979
962
962
950
950
988
988
924
924
982
982
975
975
919
919
949
958
958
907
907
936
936
941
941
882
882
899
914
914
871
871
840
840
854
881
881
880
880
914
914
880
844
844
849
849
845
905
905
953
953
903
903
904
904
915
915
866
900
900
900
900
873
873
890
921
921
900
900
905
905
939
939
932
932
929
929
975
975
958
958
954
942
942
1015
1015
989
989
1027
1027
1027
1016
1016
1016
1016
1062
1062
1062
1062
984
984
1012
1012
1009
1009
1000
1000
1070
1070
1106
1106
1042
1042
1016
1016
980
980
929
929
952
952
924
924
951
951
991
991
942
942
971
971
986
986
916
955
955
972
972
910
910
941
941
957
957
948
948
896
953
953
914
914
958
958
955
955
998
998
1060
1060
1042
1042
1063
1063
1063
1102
1102
1074
1074
1008
1008
989
989
971
971
915
915
968
997
997
934
934
1004
1004
1013
1013
620
1177
1177
1177
1002
1002
961
961
1008
1008
958
958
958
958
973
973
924
961
961
955
955
914
914
938
938
885
885
918
934
934
897
897
932
932
952
952
917
917
957
957
941
941
907
916
916
933
933
899
899
923
923
948
948
923
960
960
977
977
927
927
971
971
986
986
1011
1011
1062
1062
1015
1015
1063
1063
1063
1078
1078
1047
1047
1070
1070
1028
1028
1038
1038
1057
1057
1036
1036
1010
1010
1079
1079
1079
1093
1093
1044
1044
1087
1087
1093
1093
1044
1044
1065
1065
1065
1042
1042
1005
1005
1082
1082
1061
1061
1006
1006
1027
1027
1065
1065
1033
1033
1002
1002
1042
1042
1053
1053
991
991
1063
1063
1022
1022
1011
1011
1035
1035
983
983
923
923
943
943
985
985
1020
1020
979
979
1064
1064
947
947
936
936
932
932
903
905
905
886
886
847
847
847
839
839
814
814
798
778
778
764
752
763
763
771
771
795
800
800
871
871
894
877
877
931
931
965
965
933
933
938
938
967
967
941
941
928
928
938
938
947
907
907
940
940
949
949
913
913
932
932
923
923
920
964
964
984
984
930
930
964
964
979
979
933
933
938
938
975
975
982
982
945
945
998
998
992
992
930
967
967
960
960
908
908
971
971
985
985
954
954
1030
1030
1037
1037
992
992
1021
1021
1047
1047
1016
1016
1006
1006
1018
1018
1001
1001
1017
1017
1057
1057
1057
1064
1064
1005
1005
1034
1034
1024
1024
988
988
1028
1028
1016
1016
944
944
968
968
910
923
923
964
964
924
924
950
950
1000
1000
966
966
954
954
992
992
945
945
920
951
951
919
919
943
943
827
827
880
851
851
888
888
903
903
865
899
899
946
946
906
906
898
898
952
952
965
965
917
968
968
995
995
942
942
976
976
992
992
932
932
966
966
991
991
928
928
975
975
1004
1004
956
956
1011
1011
1030
1030
978
978
1043
1043
999
999
1003
1003
1003
1003
908
908
924
924
945
913
913
899
899
948
948
946
946
914
914
973
973
966
966
916
940
940
918
918
873
873
900
900
891
858
858
889
889
890
854
854
901
901
901
901
907
907
977
977
1030
1030
993
993
1055
1055
1002
1002
940
940
947
947
922
922
956
848
848
932
932
896
896
939
939
954
954
912
959
959
973
973
928
928
929
929
955
955
920
920
896
925
925
912
912
894
894
938
938
974
974
942
942
959
959
998
998
972
972
975
975
1015
1015
984
984
925
947
947
944
944
890
890
899
899
915
926
926
909
909
972
972
979
979
927
927
969
969
959
959
923
923
946
946
947
892
892
915
915
920
920
884
884
906
892
892
864
864
912
912
904
888
888
933
933
910
910
896
896
934
934
904
881
881
913
913
877
877
857
817
817
845
845
858
868
868
863
863
887
887
905
893
893
876
876
904
904
869
869
878
880
880
849
849
862
862
862
829
829
840
830
830
801
801
820
813
813
798
845
845
907
907
888
888
899
899
947
947
944
944
916
935
935
911
911
898
898
918
918
923
923
901
927
927
949
949
923
923
946
946
952
952
929
929
967
967
985
985
937
937
955
938
938
890
890
918
918
921
921
894
894
936
928
928
896
896
923
923
907
907
869
887
887
867
867
846
846
858
835
835
819
807
807
842
842
849
823
823
805
805
805
801
801
826
834
834
823
823
830
858
858
837
837
829
829
866
885
885
859
859
896
896
928
928
889
882
882
911
911
887
887
891
918
918
895
895
886
886
898
898
881
865
865
882
882
851
851
862
903
903
887
887
899
899
936
936
908
902
902
911
911
860
860
830
811
811
860
860
742
828
828
853
853
853
889
889
915
915
883
883
860
898
898
866
866
829
829
835
822
822
804
815
815
823
823
805
816
816
875
875
884
883
883
945
945
941
941
940
940
1013
1013
1010
1010
964
964
1005
1005
960
960
900
900
912
912
895
860
860
911
911
919
919
890
931
931
938
938
889
889
910
910
891
891
878
889
889
917
917
909
909
858
874
874
857
857
839
839
864
855
855
826
826
851
856
856
832
832
845
860
860
837
837
854
872
872
836
836
841
841
844
846
846
816
816
838
835
835
815
1104
1104
1104
589
834
862
862
892
892
842
842
834
876
876
865
865
821
821
835
837
837
832
832
813
854
854
861
861
839
866
866
871
871
833
868
868
889
889
884
884
917
917
867
858
858
873
873
863
863
837
858
858
842
842
822
851
851
846
846
832
844
844
909
909
850
896
896
919
919
890
890
919
919
933
933
902
902
933
933
933
907
907
925
925
938
938
891
891
912
888
888
868
868
910
910
922
922
886
938
938
929
929
878
878
901
901
886
862
862
920
920
908
908
921
921
990
990
973
973
968
968
945
945
924
911
911
910
910
866
866
879
881
881
848
848
893
893
926
898
898
912
912
942
942
905
905
909
909
920
860
860
832
832
855
863
863
878
878
883
883
843
868
868
870
870
841
901
901
953
953
947
947
1017
1017
987
987
956
956
969
969
953
953
874
874
892
892
858
845
845
860
860
864
852
852
905
905
923
923
934
934
978
978
994
994
967
967
1028
1028
963
963
902
919
919
903
903
859
859
904
906
906
935
935
1060
1060
994
994
945
945
969
969
969
969
945
945
953
953
910
910
864
876
876
905
905
895
895
856
867
867
881
881
863
863
850
862
862
868
868
852
884
884
875
875
852
852
879
853
853
856
856
862
832
832
844
844
844
820
820
847
847
869
869
864
904
904
944
944
950
950
939
939
966
966
914
914
904
904
918
929
929
924
924
969
969
997
997
981
981
968
968
944
944
890
890
896
878
878
851
851
893
893
914
884
884
924
924
910
910
876
876
909
872
872
844
844
862
842
842
817
817
844
842
842
810
810
840
808
808
794
822
822
826
826
809
813
813
819
819
835
854
854
830
830
840
838
838
818
818
804
777
777
777
780
780
777
761
761
778
788
788
774
774
811
824
824
803
803
837
838
838
816
816
840
840
840
803
803
822
826
826
808
814
814
848
848
851
832
832
873
873
869
869
846
861
861
838
838
853
871
871
839
839
888
888
925
925
923
933
933
974
974
967
967
945
945
964
964
979
979
963
963
1006
1006
1037
1037
1025
1025
1005
1005
1003
1003
955
955
946
946
950
950
882
882
916
916
912
879
879
903
903
882
882
839
868
868
864
864
828
840
840
868
868
857
834
834
854
854
902
902
842
869
869
873
873
831
859
859
866
866
838
838
891
937
937
940
940
923
923
959
959
958
958
956
956
971
971
979
979
946
946
933
933
923
873
873
904
904
953
953
911
911
929
964
964
944
944
973
973
1032
1032
1002
1002
998
998
982
982
874
874
910
910
887
887
843
857
857
877
877
883
878
878
926
926
885
885
899
899
889
852
852
857
857
858
833
833
839
839
823
795
795
787
788
788
810
810
816
794
794
834
834
828
816
816
853
853
869
838
838
880
880
857
857
832
860
860
853
853
1106
1106
599
867
867
842
869
869
876
876
883
883
946
946
959
959
940
940
982
982
990
990
925
938
938
961
961
951
951
929
929
993
993
1014
1014
992
992
1015
1015
1032
1032
1004
1004
1053
1053
1088
1088
1088
1020
1020
967
967
1005
1005
984
984
940
985
985
987
987
905
905
984
984
945
945
938
938
964
964
898
880
880
928
928
943
943
963
963
969
969
1039
1039
1054
1054
991
991
1009
1009
992
992
912
912
894
894
930
893
893
909
909
1042
1042
1117
1117
1117
1008
1008
1025
1025
1028
1028
981
981
1043
1043
1066
1066
1063
1063
1035
1035
941
941
953
953
911
911
945
946
946
888
888
937
937
933
933
897
897
945
920
920
954
954
986
986
932
932
991
991
984
984
937
937
993
993
975
975
952
952
999
999
1000
1000
980
980
1063
1063
1110
1110
1068
1068
1138
1138
1138
1146
1146
1098
1098
1087
1087
1131
1131
1131
1040
1040
1057
1057
1097
1097
1092
1092
1089
1089
1089
1082
1082
1118
1118
1073
1073
1023
1023
1101
1101
1125
1125
1125
1105
1105
1102
1102
1131
1131
1144
1144
1144
1104
1104
1114
1114
1057
1057
1028
1028
1053
1053
1082
1082
1051
1051
1059
1059
1059
1081
1081
1066
1066
1062
1062
1127
1127
1088
1088
1039
1039
1042
1042
1042
1059
1059
993
993
970
1024
1024
1024
1055
1055
1029
1029
1008
1008
1052
1052
1054
1054
995
995
997
997
1036
1036
1042
1042
985
985
942
942
999
999
1027
1027
1000
1000
981
981
1075
1075
1169
1169
1169
1085
1085
1025
1025
1057
1057
1052
1052
1053
1053
984
984
901
901
906
847
847
852
852
905
897
897
877
877
984
984
973
973
911
911
971
971
963
963
896
874
874
891
891
921
921
922
922
897
873
873
920
920
925
925
878
878
906
951
951
947
947
896
896
942
942
949
949
891
891
918
950
950
917
917
899
899
957
957
984
984
954
954
1025
1025
1083
1083
1074
1074
1065
1065
1065
1134
1134
1116
1116
1097
1097
1134
1134
1134
1088
1088
1046
1046
1098
1098
1113
1113
1019
1019
1055
1055
1117
1117
1117
1104
1104
1088
1088
1171
1171
1142
1142
1142
1068
1068
1114
1114
1119
1119
1018
1018
1017
1017
1024
1024
941
941
977
977
962
962
925
925
990
990
985
985
1017
1017
1140
1140
1122
1122
1046
1046
1046
962
973
973
935
935
893
893
893
893
868
842
842
866
866
832
834
834
851
839
839
829
829
856
849
849
840
840
863
863
845
827
827
852
852
846
812
812
844
844
846
828
828
824
824
863
885
885
853
853
909
909
940
940
895
916
916
919
919
869
869
876
876
884
860
860
871
871
922
922
932
932
939
994
994
994
959
995
995
1035
1035
1035
990
990
1039
1039
1055
1055
1004
1004
1011
1011
1027
1027
1000
1000
1009
1009
1026
1026
993
993
965
965
1077
1077
1032
1032
963
963
995
995
1006
1006
940
940
961
961
908
908
875
894
894
889
889
856
896
896
922
922
873
873
911
911
908
864
864
862
862
888
888
863
852
852
899
899
917
917
886
934
934
965
965
930
930
919
919
1053
1053
923
923
961
961
947
947
888
888
922
920
920
875
875
906
906
914
914
877
901
901
940
940
883
883
901
901
903
867
867
885
885
904
904
873
896
896
929
929
900
900
920
920
951
951
907
907
930
938
938
885
885
898
898
900
900
878
899
899
849
849
863
863
887
937
937
907
907
890
890
929
929
920
920
888
925
925
924
924
885
885
920
920
896
867
867
910
910
925
925
888
888
916
954
954
931
931
920
920
934
934
899
899
907
907
916
878
878
909
909
914
914
904
904
944
916
916
916
916
1047
1047
976
976
1006
1006
1037
1037
973
973
955
955
978
978
926
926
932
932
957
957
920
920
902
952
952
942
942
905
905
959
959
923
923
910
910
938
885
885
907
907
943
943
896
896
925
925
941
893
893
922
922
914
914
896
896
935
935
908
914
914
999
999
1009
1009
946
946
970
970
1011
1011
971
971
971
971
977
977
909
909
910
910
965
965
942
936
936
1014
1014
977
977
974
974
1013
1013
946
946
978
978
938
938
935
935
946
946
889
861
861
835
835
832
821
821
854
854
875
861
861
855
855
862
862
939
878
878
930
930
918
918
881
881
923
923
918
884
884
927
927
940
940
922
922
977
977
1016
1016
953
953
954
954
994
994
988
988
924
924
966
980
980
947
947
933
933
954
954
921
921
921
921
957
957
915
919
919
941
941
923
923
890
890
921
921
913
882
882
923
923
951
951
906
906
970
970
969
969
925
925
972
972
966
941
941
998
998
1018
1018
991
991
1046
1046
1046
1079
1079
1001
1001
1028
1028
1041
1041
992
992
997
997
965
965
912
912
941
937
937
923
923
989
989
987
987
936
936
994
994
968
968
870
870
917
901
901
888
888
904
904
886
877
877
898
898
871
871
866
887
887
878
878
878
878
898
868
868
867
867
891
891
860
864
864
886
886
859
859
882
907
907
879
879
922
922
936
936
900
900
941
960
960
921
921
895
895
934
934
909
909
917
917
857
896
896
864
864
906
906
927
875
875
922
922
933
933
890
890
930
930
922
888
888
913
913
920
920
880
880
919
935
935
889
889
929
929
942
942
909
909
943
943
940
938
938
993
993
967
967
970
970
1017
1017
989
989
999
999
1025
1025
992
992
1008
1008
1047
1047
1047
965
963
963
958
958
901
901
928
928
965
965
933
933
1006
1006
1033
1033
959
959
998
998
955
955
941
937
937
865
865
899
899
882
843
843
855
855
856
835
835
819
819
816
811
811
809
828
828
834
834
825
866
866
821
821
834
834
796
791
791
791
773
773
765
770
770
771
778
778
813
813
813
813
813
830
808
808
835
835
837
812
812
836
836
822
812
812
813
813
798
821
821
820
821
821
806
806
823
847
847
818
818
843
837
837
816
816
788
790
790
804
804
804
804
804
807
894
894
825
825
860
860
877
835
835
814
814
802
854
854
822
822
825
824
824
811
833
833
844
844
813
846
846
852
852
890
890
829
857
857
841
841
823
797
797
803
823
823
815
815
787
797
797
828
828
848
832
832
858
858
904
904
879
909
909
870
870
974
974
916
916
962
962
941
941
910
969
969
970
970
907
907
964
964
979
979
921
921
970
970
975
975
928
928
997
997
1021
1021
963
963
1017
1017
1019
1019
954
954
997
997
1000
1000
955
955
1010
1010
1012
1012
985
985
1051
1051
1077
1077
1033
1033
1062
1062
1087
1087
1056
1056
1056
1063
1063
1086
1086
1070
1070
1028
1028
1014
1014
958
958
931
931
939
939
922
916
916
985
985
956
956
930
930
964
964
928
928
932
932
914
871
871
891
891
886
886
862
924
924
922
922
904
904
957
957
950
950
917
963
963
932
932
933
933
897
897
877
877
866
903
903
877
877
891
891
920
905
905
894
894
934
934
944
944
896
896
946
946
947
947
898
940
940
934
934
889
889
920
920
944
944
923
923
923
953
953
911
911
928
928
963
963
946
946
938
938
978
978
956
925
925
979
979
1006
1006
949
949
980
980
998
998
949
949
963
963
982
982
969
969
908
908
935
935
916
874
874
868
868
826
858
858
915
915
941
941
894
894
935
972
972
947
947
896
896
929
929
960
960
931
931
913
913
959
959
969
969
919
964
964
976
976
948
948
912
912
955
955
965
965
916
916
955
955
990
990
970
970
953
998
998
956
956
927
927
957
957
938
938
918
918
972
972
985
985
933
933
996
996
1018
1018
979
979
1021
1021
1050
1050
1017
1017
1053
1053
1051
1051
1008
1008
1029
1029
1013
1013
959
959
1005
1005
1005
1005
1132
1132
962
962
970
970
983
983
931
931
946
946
988
988
941
941
970
970
912
885
885
913
913
880
880
921
921
905
863
863
896
896
899
899
850
891
891
900
900
857
857
885
878
878
844
844
896
896
913
869
869
911
911
930
930
869
869
914
896
896
879
879
899
899
899
899
859
900
900
914
914
868
868
884
896
896
868
868
864
864
887
870
870
848
848
886
886
880
857
857
895
895
920
920
892
951
951
987
987
948
948
968
968
1006
1006
995
995
952
952
997
997
1006
1006
954
954
978
978
1002
1002
969
969
964
964
1007
1007
1024
1024
950
950
941
941
940
940
903
903
911
936
936
891
891
925
925
936
936
893
944
944
935
935
892
892
934
934
923
923
886
919
919
914
914
879
879
896
896
929
881
881
899
899
961
961
949
949
910
910
977
977
972
972
943
943
934
946
946
892
892
904
904
875
875
826
832
832
835
844
844
811
811
822
837
837
818
818
841
878
878
869
869
854
854
912
884
884
860
860
892
892
869
848
848
880
880
884
884
837
870
870
883
883
848
848
853
868
868
857
857
842
875
875
893
893
859
859
898
909
909
871
871
920
920
915
915
873
912
912
893
893
864
864
905
905
881
877
877
907
907
889
889
873
917
917
908
908
890
890
924
924
937
937
903
944
944
947
947
896
896
926
926
956
956
914
914
968
968
1001
1001
959
959
954
954
1012
1012
922
955
955
957
957
920
920
976
976
949
949
918
918
975
975
891
905
905
886
886
862
862
862
852
852
875
875
915
915
895
912
912
952
952
916
916
921
921
981
981
972
972
931
931
980
980
978
978
925
965
965
958
958
905
905
935
935
939
939
840
929
929
954
954
918
918
967
967
946
946
930
930
976
976
939
939
943
943
981
981
969
953
953
986
986
938
938
913
913
948
948
933
933
896
896
962
1021
1021
1021
981
981
956
997
997
979
979
927
927
895
895
942
942
951
951
963
963
950
950
943
943
906
937
937
886
886
912
912
958
958
945
945
907
959
959
971
971
919
919
956
956
992
992
947
947
962
962
981
981
948
948
948
948
986
986
975
975
947
983
983
984
984
937
937
957
957
961
961
914
914
931
931
950
950
917
928
928
936
936
1036
1036
969
969
1014
1014
1035
1035
1002
1002
1060
1060
1060
1035
1035
968
968
987
987
998
998
968
1027
1027
1027
1058
1058
998
998
1042
1042
1048
1048
1000
1000
1025
1025
999
999
934
934
953
953
948
908
908
953
953
969
969
934
934
950
950
953
953
902
902
1086
1086
759
890
890
911
911
946
946
897
932
932
947
947
900
900
926
926
950
950
907
907
889
921
921
914
914
887
887
928
928
937
937
897
928
928
944
944
897
897
931
931
944
944
906
942
942
975
975
941
941
979
979
1015
1015
965
965
1014
1014
1015
1015
963
963
1020
1020
1051
1051
974
974
1020
1020
1040
1040
998
998
1057
1057
1057
1047
1047
998
998
1052
1052
1063
1063
989
989
1017
1017
990
990
979
979
1055
1055
1072
1072
1028
1028
1073
1073
1068
1068
1068
999
999
1006
1006
982
917
917
961
961
972
972
936
936
916
916
956
956
964
964
926
976
976
983
983
938
938
967
967
978
978
949
949
1001
1001
980
980
936
936
988
988
961
961
922
922
963
942
942
918
918
985
985
945
945
938
938
979
979
939
939
938
938
979
979
942
939
939
971
971
945
945
946
946
985
985
948
948
960
960
966
966
928
928
929
939
939
920
920
926
926
956
956
914
914
938
938
967
967
924
950
950
972
972
917
917
951
951
983
983
930
930
972
972
982
982
931
931
976
976
981
981
938
986
986
926
926
885
885
884
884
848
824
824
820
820
815
854
854
808
814
814
863
863
866
838
838
864
864
889
889
846
847
847
879
879
860
860
837
880
880
930
930
902
902
940
940
987
987
941
941
932
950
950
905
905
929
929
928
928
930
930
890
897
897
901
901
847
847
871
888
888
854
854
902
902
908
908
891
837
837
892
892
857
855
855
907
907
927
927
894
894
949
949
992
992
941
941
991
991
1017
1017
956
956
994
994
1018
1018
974
974
1005
1005
1032
1032
963
963
975
975
966
925
925
991
991
1017
1017
963
963
1020
1020
1016
1016
958
958
987
987
995
995
988
988
911
911
980
980
945
945
961
961
1005
1005
958
958
976
976
1006
1006
954
954
948
993
993
963
963
974
974
1024
1024
995
995
1006
1006
1034
1034
1034
995
995
974
1009
1009
969
969
917
917
962
962
976
976
930
930
969
969
1002
1002
946
946
955
955
979
979
967
967
916
971
971
932
932
914
914
960
960
940
940
902
944
944
967
967
927
927
981
981
1012
1012
974
974
1040
1040
1050
1050
1010
1010
1067
1067
1067
1096
1096
1019
1019
1047
1047
1066
1066
1009
1009
1009
1009
994
994
941
941
996
996
1039
1039
968
968
1020
1020
1004
1004
977
977
1008
1008
979
979
926
926
979
979
935
935
931
992
992
1022
1022
974
974
1060
1060
1060
1056
1056
1013
1013
1064
1064
1077
1077
1031
1031
1019
1019
1045
1045
1008
1008
974
974
1055
1055
1094
1094
1094
1018
1018
1043
1043
1038
1038
972
972
950
991
991
920
920
980
980
917
917
945
945
959
959
1024
1024
978
978
987
987
1025
1025
960
960
971
971
979
979
929
929
930
964
964
921
921
946
946
974
974
946
946
943
943
987
987
949
949
962
962
1006
1006
974
974
993
993
980
917
917
971
971
965
965
908
908
956
956
1214
1214
582
871
871
843
843
873
864
864
910
910
951
951
894
894
931
931
966
966
911
941
941
979
979
963
963
984
984
1013
1013
974
974
1011
1011
1003
1003
941
941
950
950
970
970
891
891
927
927
943
899
899
930
930
961
961
903
903
913
913
932
887
887
892
892
870
870
856
831
831
850
850
867
855
855
858
858
910
910
909
872
872
918
918
926
926
876
876
900
923
923
905
905
879
879
936
936
963
963
922
922
983
983
1004
1004
951
951
985
985
943
923
923
953
953
912
912
921
921
953
953
956
956
943
943
1107
1107
1068
1068
1031
1031
1088
1088
1044
1044
1044
1031
1031
1046
1046
1018
1018
980
980
1015
1015
1059
1059
1015
1015
1090
1090
1082
1082
1020
1020
1060
1060
1009
1009
950
950
978
978
960
960
937
937
1007
1007
1008
1008
965
965
1028
1028
992
992
969
969
992
992
943
943
978
978
921
940
940
926
926
984
984
966
966
953
953
979
979
943
943
947
947
982
982
971
971
994
994
1071
1071
1016
1016
966
966
1019
1019
1064
1064
999
999
1004
1004
976
976
914
914
944
944
915
887
887
932
932
958
958
908
908
960
960
975
975
919
941
941
1007
1007
925
925
879
879
895
895
886
868
868
844
844
805
813
813
854
854
869
870
870
845
845
837
874
874
883
883
854
854
903
937
937
901
901
921
921
947
947
949
949
927
927
966
966
1000
1000
957
957
1013
1013
1040
1040
1010
1010
984
984
1012
1012
995
995
921
921
950
950
911
882
882
899
899
882
882
876
854
854
879
879
872
860
860
877
877
891
891
871
884
884
898
898
846
846
843
842
842
823
823
795
800
800
816
800
800
817
817
845
846
846
818
818
785
778
778
788
791
791
780
783
783
792
912
912
853
853
903
903
965
965
935
935
889
889
916
916
926
903
903
872
872
879
879
880
850
850
840
840
891
891
901
882
882
873
873
910
910
910
910
858
886
886
905
905
866
866
859
836
836
933
933
981
981
974
974
941
941
947
947
966
966
941
920
920
929
929
886
886
918
918
932
932
894
921
921
927
927
876
876
909
909
877
843
843
878
878
881
853
853
895
895
890
890
850
880
880
873
873
834
834
861
842
842
821
821
871
889
889
854
854
869
869
852
804
804
814
827
827
806
806
801
821
821
866
866
861
935
935
953
953
887
887
917
917
885
885
873
900
900
862
862
878
878
897
897
863
901
901
938
938
901
901
942
942
957
957
904
932
932
962
962
918
918
961
961
981
981
935
935
995
995
1011
1011
950
950
985
985
964
964
977
977
1274
1274
1274
672
998
998
1014
1014
973
973
1011
1011
1005
1005
971
971
1009
1009
957
957
943
979
979
955
955
963
963
1009
1009
936
936
963
963
972
972
933
933
969
969
991
991
950
950
965
965
992
992
944
959
959
964
964
919
919
948
948
945
945
897
897
937
907
907
884
884
946
946
957
957
924
924
953
953
989
989
930
962
962
953
953
905
905
931
931
875
875
860
894
894
891
891
867
867
940
979
979
979
938
1007
1007
1016
1016
1016
956
979
979
980
980
938
938
938
938
970
970
963
963
949
949
986
986
964
964
975
975
1014
1014
997
997
963
963
980
980
936
936
920
932
932
892
892
930
930
972
972
941
941
990
990
988
988
943
943
1001
1001
929
937
937
940
940
901
901
946
946
959
959
920
920
973
962
962
925
925
975
975
937
937
911
911
936
936
914
914
932
973
973
915
915
934
934
916
916
884
884
919
917
917
887
887
926
926
932
932
902
902
949
949
941
921
921
954
954
945
945
886
886
911
911
905
868
868
888
888
891
891
857
895
895
898
898
869
869
892
903
903
872
872
908
908
899
899
857
885
885
866
866
854
838
838
820
820
799
796
796
800
835
835
853
853
824
867
867
872
872
840
840
835
815
815
794
794
775
789
789
784
820
820
846
846
818
877
877
899
899
874
874
880
917
917
899
899
884
884
908
908
902
865
865
900
900
916
916
1173
1173
641
938
938
910
910
899
899
898
898
885
885
844
824
824
844
844
844
815
815
830
854
854
862
862
827
859
859
888
888
905
905
860
860
908
930
930
902
902
896
896
939
939
930
930
907
950
950
968
968
925
925
978
978
1002
1002
968
968
967
967
1002
1002
952
952
911
911
959
959
984
984
946
946
994
994
1012
1012
958
958
981
981
951
885
885
913
913
910
910
897
897
967
967
1016
1016
975
975
1025
1025
1027
1027
954
954
991
991
974
974
912
941
941
948
948
903
903
942
942
970
970
934
934
950
946
946
908
908
925
925
941
941
890
890
925
922
922
893
893
940
940
952
952
928
928
970
970
987
987
943
943
986
986
979
979
928
962
962
968
968
920
920
953
953
972
972
933
933
972
972
979
979
934
934
957
957
959
913
913
941
941
941
941
899
899
1226
1226
651
906
906
958
958
962
962
929
929
976
976
978
978
950
950
980
980
962
962
950
950
995
995
1005
1005
962
962
986
986
1000
1000
972
972
1030
1030
1051
1051
999
999
1037
1037
1063
1063
1025
1025
1017
1017
1013
1013
976
976
1008
1008
997
997
976
976
998
998
1055
1055
983
983
1022
1022
989
989
974
974
984
984
959
959
928
928
956
956
919
956
956
961
961
924
924
975
975
989
989
944
944
987
987
1029
1029
993
993
1010
1010
1029
1029
979
979
1003
1003
1012
1012
963
963
997
997
1012
1012
962
962
997
997
1000
1000
1058
1058
901
901
988
988
948
948
982
982
955
955
966
966
1018
1018
985
985
1004
1004
1034
1034
980
980
1029
1029
1024
1024
981
981
1004
1004
987
987
948
948
971
946
946
904
904
921
921
919
919
869
917
917
915
915
899
899
959
959
972
972
937
937
901
928
928
873
873
890
890
885
885
856
877
877
900
900
883
875
875
913
913
927
927
879
879
894
900
900
876
876
857
857
888
888
893
868
868
910
910
931
931
894
894
923
937
937
897
897
926
926
940
940
898
898
929
925
925
891
891
930
930
917
917
917
917
940
940
999
999
965
965
1015
1015
996
996
968
968
1014
1014
975
975
973
973
993
993
938
920
920
929
929
900
900
890
890
918
907
907
878
878
935
935
950
950
896
942
942
951
951
896
896
935
935
939
939
885
885
924
929
929
880
880
900
900
908
908
899
920
920
966
966
925
925
961
961
986
986
931
931
939
939
965
965
929
929
937
960
960
915
915
937
937
948
948
897
897
929
929
927
873
873
897
897
895
895
855
877
877
895
895
863
863
904
912
912
871
871
879
879
880
842
842
843
843
866
866
866
840
840
883
883
906
906
868
893
893
900
900
858
858
885
892
892
862
862
889
889
900
862
862
870
870
871
871
828
853
853
849
849
845
913
913
946
946
900
900
941
941
943
943
893
893
927
929
929
885
885
894
894
938
938
937
937
898
914
914
1000
1000
915
915
937
937
947
947
896
896
911
945
945
921
921
930
930
994
994
998
998
951
951
991
991
972
972
922
922
941
941
957
957
924
979
979
1034
1034
1006
1006
1006
1029
1029
1095
1095
1047
1047
1086
1086
1108
1108
1047
1047
1047
1074
1074
1086
1086
1066
1066
996
996
1132
1132
1081
1081
1071
1071
1071
1134
1134
1108
1108
1013
1013
1041
1041
985
985
952
952
1004
1004
962
962
915
915
874
974
974
966
966
929
929
920
920
873
874
874
869
869
831
831
843
831
831
803
811
811
835
835
843
825
825
864
864
840
826
826
808
808
820
858
858
867
867
837
887
887
911
911
870
870
910
910
921
921
900
929
929
969
969
942
942
954
954
973
973
929
929
949
949
970
970
934
934
970
970
993
993
968
968
1010
1010
1016
1016
1005
1005
1058
1058
1081
1081
1029
1029
1057
1057
1069
1069
1042
1042
1067
1067
1067
1061
1061
1068
1068
1119
1119
1091
1091
1125
1125
1125
1139
1139
1112
1112
1011
1011
1021
1021
1002
1002
954
954
997
997
970
970
985
985
1039
1039
989
989
1033
1033
1034
1034
960
960
989
989
966
966
932
932
962
962
951
957
957
996
996
977
977
982
982
999
999
932
932
956
956
952
952
926
926
967
967
962
962
1006
1006
1023
1023
970
970
995
995
977
977
936
882
882
883
883
878
878
864
853
853
897
897
930
930
898
938
938
904
904
870
870
846
863
863
871
871
844
844
852
873
873
851
851
840
856
856
901
901
856
856
883
888
888
863
863
880
880
902
879
879
881
881
917
917
910
910
864
896
896
902
902
859
859
885
889
889
857
857
837
837
844
851
851
834
834
864
891
891
866
866
893
893
920
920
915
894
894
932
932
941
941
902
902
933
933
915
915
919
926
926
938
938
908
908
946
946
944
944
901
901
939
912
912
905
905
933
933
918
918
896
896
939
915
915
883
883
905
905
895
895
870
901
901
895
895
876
876
926
925
925
889
889
933
933
933
933
891
891
915
912
912
879
879
914
914
905
905
925
925
926
928
928
888
888
926
926
906
906
902
943
943
931
931
932
932
965
965
943
943
944
944
1003
1003
988
988
967
967
1022
1022
1027
1027
988
988
1031
1031
1008
1008
1023
1023
1077
1077
1001
1001
962
962
973
973
938
938
916
916
979
979
963
963
967
967
979
979
1002
1002
996
996
991
991
980
980
1013
1013
932
929
929
922
922
876
876
885
891
891
859
859
899
899
920
920
888
944
944
996
996
961
961
990
990
1011
1011
954
954
989
989
991
991
939
939
957
957
945
945
908
908
947
947
940
920
920
938
938
979
979
937
937
972
972
926
926
945
945
938
938
893
920
920
932
932
887
887
922
922
933
897
897
927
927
940
940
896
896
935
935
934
900
900
950
950
932
932
918
918
964
964
938
938
939
939
950
950
893
907
907
900
900
867
867
895
914
914
884
884
935
935
941
941
905
905
946
940
940
894
894
911
911
902
902
857
877
877
874
874
842
850
850
871
871
862
862
859
897
897
876
876
856
856
895
894
894
866
866
912
912
919
919
889
941
941
931
931
896
896
932
932
905
905
888
928
928
911
911
922
922
956
956
939
939
895
895
918
897
897
871
871
905
905
910
910
872
896
896
893
893
883
883
920
893
893
880
880
918
918
926
926
916
916
962
962
959
930
930
968
968
920
920
933
933
944
944
928
928
947
947
969
969
944
967
967
950
950
975
975
911
911
926
926
901
901
873
904
904
913
913
891
891
938
938
945
945
905
935
935
933
933
882
882
909
909
908
855
855
872
872
877
877
857
838
838
874
874
875
858
858
918
918
938
938
899
899
918
918
913
876
876
903
903
894
894
867
890
890
924
924
891
891
947
947
924
924
977
977
1012
1012
964
964
1002
1002
1005
1005
950
950
957
957
954
954
899
933
933
950
950
906
906
932
932
920
847
847
865
865
863
863
820
801
801
807
819
819
834
834
801
782
782
783
767
767
751
758
758
751
771
771
703
749
761
761
746
746
758
768
768
797
789
789
787
827
827
846
846
807
823
823
836
836
837
817
817
848
848
854
854
826
856
856
862
862
855
868
868
883
883
848
848
872
890
890
849
849
872
872
894
875
875
874
874
891
891
844
814
814
855
855
743
805
805
818
814
814
793
829
829
853
853
834
834
818
851
851
865
865
840
875
875
900
900
850
850
865
871
871
826
826
859
861
861
834
834
839
839
850
854
854
824
824
864
881
881
857
857
872
872
861
839
839
859
859
866
837
837
830
830
848
887
887
855
855
872
872
899
906
906
862
862
887
887
892
892
869
843
843
830
830
812
857
857
853
853
870
902
902
905
905
873
873
884
884
867
835
835
863
863
864
838
838
856
856
886
886
862
899
899
941
941
934
934
886
886
923
923
933
910
910
857
857
887
887
841
812
812
815
815
801
822
822
872
845
845
916
916
948
948
940
940
906
906
945
945
960
960
918
935
935
944
944
909
909
895
895
931
931
953
953
887
931
931
952
952
911
911
927
927
931
931
886
894
894
920
920
885
885
905
905
916
933
933
895
895
951
951
973
973
909
909
944
944
951
951
878
883
883
903
903
888
888
874
898
898
874
874
847
847
885
887
887
854
854
868
868
885
869
869
846
846
882
858
858
824
824
795
800
800
799
799
800
832
832
842
817
817
841
841
881
881
889
850
850
896
896
901
901
869
878
878
877
877
845
845
855
888
888
878
878
862
862
918
918
919
878
878
911
911
911
911
865
865
884
909
909
862
862
879
879
910
883
883
865
865
894
894
867
837
837
866
866
880
880
856
898
898
933
933
884
884
892
914
914
879
879
864
864
897
897
880
852
852
897
897
914
914
876
901
901
930
930
893
893
896
896
915
915
890
867
867
894
894
914
914
856
872
872
904
904
844
844
883
896
896
854
854
874
874
895
874
874
857
857
890
890
886
845
845
877
877
855
827
827
827
827
806
785
785
788
803
803
787
787
771
765
765
760
784
784
796
797
797
796
828
828
853
853
818
818
861
868
868
855
855
911
911
914
875
875
910
910
909
909
866
866
887
898
898
847
847
856
856
835
809
809
783
796
796
778
786
786
822
822
845
828
828
874
874
890
890
847
885
885
896
896
854
854
898
896
896
858
858
895
895
883
883
845
878
878
843
843
880
890
890
853
853
882
882
898
868
868
889
889
920
920
876
876
896
914
914
877
877
886
886
899
899
861
884
884
898
898
858
858
892
915
915
869
869
881
881
910
882
882
848
848
873
873
872
833
833
852
852
822
797
797
803
793
793
811
811
824
807
807
800
816
816
811
811
789
819
819
836
836
813
819
819
803
826
826
825
825
797
792
792
792
792
790
800
800
788
849
849
885
885
831
883
883
891
891
842
842
812
829
829
812
812
827
825
825
801
836
836
834
834
831
831
864
884
884
857
857
882
882
908
857
857
891
891
908
908
871
871
905
916
916
885
885
902
902
928
928
886
935
935
947
947
895
895
932
932
938
938
907
907
939
967
967
916
916
932
932
946
946
916
916
916
916
927
927
923
889
889
917
917
911
911
885
885
924
922
922
887
887
921
921
933
933
889
930
930
924
924
882
882
875
875
878
836
836
813
813
806
840
840
810
832
832
836
836
860
860
822
865
865
873
873
844
864
864
804
804
853
825
825
835
835
842
850
850
828
828
861
860
860
841
841
896
896
891
860
860
895
895
889
889
858
881
881
854
854
830
830
793
816
816
822
803
803
850
850
875
836
836
848
848
871
871
849
868
868
877
877
877
877
854
895
895
904
904
879
879
895
932
932
927
927
895
895
943
943
946
946
899
899
941
941
929
907
907
932
932
901
901
864
864
889
891
891
866
866
900
900
914
884
884
905
905
902
902
868
868
907
909
909
872
872
900
900
983
983
776
897
897
904
904
869
869
906
898
898
861
861
903
903
871
861
861
888
888
886
886
863
903
903
900
900
864
864
915
915
914
882
882
908
908
917
917
874
874
904
896
896
857
857
892
892
891
891
850
878
878
892
892
870
875
875
904
904
891
891
866
866
882
868
868
824
824
836
819
819
815
823
823
805
805
801
841
841
868
868
898
898
867
882
882
913
913
914
914
872
872
888
896
896
867
867
868
868
886
857
857
840
840
860
873
873
837
837
856
856
872
850
850
833
833
799
809
809
819
843
843
849
849
866
866
840
861
861
859
859
854
828
828
858
858
875
875
837
859
859
872
872
859
832
832
863
863
870
870
838
871
871
887
887
888
888
858
864
864
886
886
856
856
853
885
885
898
898
864
864
887
904
904
857
857
851
851
870
848
848
837
837
851
836
836
813
813
845
863
863
833
833
834
859
859
867
867
833
850
850
846
846
815
824
824
816
816
801
771
771
757
747
747
771
794
794
767
794
794
816
816
839
812
812
824
824
848
854
854
824
824
836
854
854
828
828
842
1127
1127
1127
566
831
865
865
879
879
838
838
854
875
875
853
853
835
835
854
852
852
813
813
842
837
837
811
813
813
842
842
856
856
826
837
837
845
845
822
830
830
844
844
829
804
804
820
812
812
788
788
810
829
829
809
838
838
855
855
825
825
828
762
762
785
796
796
813
802
802
793
793
823
832
832
808
808
835
836
836
825
825
857
867
867
888
888
876
876
909
909
923
866
866
877
877
860
860
822
851
851
864
864
853
864
864
896
896
896
896
869
895
895
888
888
853
853
886
879
879
877
877
870
870
906
906
870
900
900
911
911
858
858
868
894
894
891
891
852
852
866
886
886
854
854
862
862
883
856
856
836
836
872
867
867
831
831
852
852
852
840
840
806
815
815
823
823
805
820
820
854
854
843
825
825
857
857
851
824
824
837
837
856
832
832
819
819
853
881
881
890
890
843
843
869
854
854
831
831
805
791
791
789
804
804
814
814
816
820
820
862
862
888
888
863
887
887
895
895
867
867
835
837
837
836
836
801
809
809
827
836
836
815
815
850
867
867
851
851
835
835
841
866
866
822
822
837
839
839
808
808
824
832
832
819
819
828
841
841
846
846
817
784
784
773
770
770
775
787
787
809
784
784
772
772
797
819
819
834
834
823
820
820
849
849
859
832
832
862
862
868
848
848
858
858
876
876
870
842
842
855
855
880
880
838
867
867
875
875
854
867
867
872
872
850
850
828
850
850
850
850
824
858
858
866
866
839
862
862
881
881
855
855
844
845
845
812
812
815
831
831
841
841
827
845
845
851
851
824
841
841
840
840
813
822
822
827
827
804
815
815
940
940
714
824
824
832
815
815
817
817
837
813
813
802
823
823
834
834
810
818
818
830
830
810
800
800
807
807
794
769
769
767
771
771
778
804
804
816
808
808
819
819
821
800
800
819
819
824
801
801
813
813
833
811
811
813
835
835
832
832
826
807
807
825
825
810
823
823
838
838
811
803
803
830
830
852
826
826
830
830
836
806
806
812
817
817
813
813
804
831
831
821
821
809
828
828
812
812
789
797
797
801
799
799
782
798
798
779
779
761
782
782
800
788
788
787
766
766
746
1001
1001
1001
830
1154
1154
1154
737
748
751
751
755
767
767
771
784
784
791
791
791
782
782
765
761
761
770
786
786
803
797
797
784
784
783
784
784
804
828
828
813
813
777
762
762
787
765
765
769
782
782
802
802
783
787
787
800
782
782
769
782
782
826
826
834
814
814
831
831
837
804
804
811
811
818
799
799
791
806
806
798
798
768
739
730
730
747
771
771
815
815
801
844
844
889
889
881
881
888
912
912
889
889
886
886
903
903
876
848
848
868
868
871
871
828
852
852
845
845
832
838
838
881
881
889
857
857
890
890
878
878
854
892
892
886
886
846
846
869
875
875
851
851
847
847
855
853
853
833
833
850
854
854
824
824
844
851
851
841
841
851
868
868
858
858
850
850
878
866
866
828
828
842
837
837
807
807
839
845
845
809
809
831
843
843
837
837
814
841
841
834
834
796
828
828
836
836
804
818
818
815
777
777
787
789
789
771
771
768
771
771
757
752
752
766
765
765
755
762
762
768
756
756
756
780
780
806
784
784
813
813
817
801
801
793
812
812
817
817
788
800
800
797
797
789
787
787
804
814
814
792
813
813
822
822
797
834
834
837
837
820
832
832
848
848
825
841
841
849
849
829
832
832
843
843
842
842
820
841
841
852
852
827
835
835
827
827
838
782
782
805
784
784
791
770
770
784
784
778
758
758
781
753
753
774
811
811
832
805
805
829
829
838
838
838
825
825
834
834
850
831
831
815
815
843
837
837
821
821
831
843
843
821
821
832
864
864
881
881
849
892
892
905
905
869
869
874
874
880
851
851
854
854
872
861
861
827
827
850
850
842
851
851
785
803
803
779
779
797
788
788
795
833
833
844
844
821
841
841
854
854
842
848
848
876
876
883
883
856
888
888
887
887
854
854
865
875
875
843
843
859
859
859
837
837
824
824
858
882
882
873
873
888
888
917
904
904
856
856
868
868
876
787
787
831
831
817
801
801
784
786
786
789
778
778
775
775
796
794
794
780
768
768
756
776
776
779
813
813
826
826
847
811
811
842
842
842
815
815
820
820
803
782
782
761
778
778
770
786
786
813
813
809
836
836
871
871
861
843
843
868
868
866
866
833
824
824
844
844
846
829
829
853
853
879
879
861
881
881
902
902
891
891
876
870
870
831
831
815
789
789
769
770
770
798
833
833
822
822
838
893
893
902
902
859
859
880
880
890
865
865
873
873
865
865
827
853
853
858
858
853
855
855
938
938
907
907
883
883
889
857
857
843
843
838
826
826
826
826
838
835
835
802
802
824
826
826
821
821
823
860
860
863
863
850
846
846
843
843
819
835
835
833
833
812
825
825
837
837
819
803
803
822
822
811
786
786
796
799
799
776
798
798
753
770
770
775
775
780
750
750
772
774
774
758
733
733
731
711
718
718
704
695
695
683
689
678
678
674
673
662
662
663
659
652
649
649
652
649
649
649
658
664
673
673
673
682
687
687
694
696
696
698
706
709
709
691
693
693
687
683
689
689
659
674
673
673
684
686
688
688
694
704
704
715
696
707
707
692
683
683
674
670
660
660
666
662
662
662
657
662
658
658
658
655
661
648
648
637
634
626
621
621
622
611
609
601
601
597
597
595
597
600
602
602
614
628
636
649
649
665
635
735
735
695
683
683