777
777
755
753
753
739
765
765
799
812
812
850
850
890
890
878
840
840
826
826
816
808
808
780
779
779
779
779
780
773
773
805
826
826
813
813
834
837
837
821
821
826
849
849
825
825
831
828
828
849
849
832
849
849
835
835
829
863
863
849
849
826
833
833
813
813
794
770
770
746
747
747
761
749
749
769
794
794
785
796
796
836
836
851
813
813
841
841
847
811
811
827
827
838
817
817
835
835
863
827
827
852
852
868
868
838
833
833
841
841
864
823
823
845
845
833
811
811
849
849
871
832
832
866
866
836
858
858
864
864
848
848
840
860
860
852
852
822
837
837
848
848
829
848
848
882
882
881
881
854
890
890
911
911
877
877
880
880
901
900
900
870
870
886
886
892
848
848
876
876
867
867
839
855
855
853
853
811
834
834
848
848
816
837
837
838
838
809
840
840
844
844
815
834
834
842
831
831
816
816
843
847
847
820
820
838
847
847
813
813
808
833
833
847
847
818
844
844
842
842
821
807
807
775
775
780
779
779
798
751
751
785
800
800
807
796
796
828
828
831
805
805
824
824
812
784
784
789
788
788
764
748
748
744
750
750
748
747
747
736
726
726
729
729
729
719
743
743
747
751
751
743
776
776
817
797
797
804
804
833
830
830
806
806
828
839
839
817
817
847
868
868
836
836
847
850
850
827
827
798
780
780
804
818
818
830
830
801
823
823
842
842
822
819
819
864
864
879
879
846
894
894
914
914
866
866
896
896
891
855
855
838
838
819
851
851
835
835
847
879
879
884
884
841
841
809
824
824
818
763
763
778
782
782
764
786
786
806
806
804
797
797
837
837
828
805
805
831
843
843
806
806
824
836
836
814
814
812
843
843
839
839
813
852
852
851
851
834
872
872
882
882
851
851
879
889
889
849
849
865
865
882
839
839
858
858
875
875
863
819
819
878
878
842
869
869
913
913
881
881
874
874
917
851
851
875
875
893
893
839
879
879
861
861
896
896
891
854
854
888
888
903
903
880
848
848
868
868
845
842
842
824
824
803
818
818
837
837
854
821
821
847
847
851
813
813
810
810
828
823
823
805
838
838
856
856
831
831
816
849
849
848
848
807
796
796
805
789
789
774
788
788
811
811
812
797
797
810
838
838
867
867
833
833
816
854
854
828
828
806
765
765
796
773
773
810
855
855
846
846
815
815
871
884
884
839
839
878
878
833
857
857
828
828
841
852
852
846
846
826
801
801
823
837
837
834
834
813
839
839
855
855
849
849
817
847
847
862
862
854
824
824
859
859
872
853
853
845
845
867
867
875
840
840
868
868
867
867
860
836
836
832
832
795
789
789
791
815
815
766
795
795
820
820
830
814
814
860
860
862
820
820
831
831
827
787
787
778
782
782
764
745
745
762
772
772
761
754
754
771
771
775
759
759
787
811
811
798
803
803
848
848
833
811
811
831
831
834
797
797
806
806
780
763
763
777
815
815
796
826
826
844
844
864
864
837
858
858
857
857
823
831
831
836
836
790
802
802
815
785
785
785
785
792
781
781
784
835
835
843
843
819
861
861
873
873
843
843
816
856
856
871
871
839
838
838
853
853
832
810
810
828
828
798
806
806
827
821
821
809
809
821
819
819
798
798
813
778
778
811
815
815
810
810
787
750
750
776
795
795
786
792
792
835
835
856
821
821
826
826
840
836
836
803
803
825
846
846
832
832
813
854
854
884
884
863
863
847
895
895
858
858
818
807
807
856
856
881
900
900
839
839
874
874
900
900
907
853
853
898
898
897
897
848
838
838
861
861
863
832
832
872
872
873
873
845
840
840
860
860
866
823
823
854
854
872
847
847
859
859
860
860
818
852
852
822
822
807
840
840
853
853
878
841
841
869
869
862
862
829
864
864
853
853
822
850
850
846
846
803
808
808
789
771
771
759
758
758
755
738
738
726
734
734
739
740
740
753
787
787
810
805
805
804
804
805
811
811
851
851
877
825
825
828
828
852
851
851
816
816
821
840
840
827
827
784
778
778
1081
1081
877
877
1182
1182
857
857
869
869
845
858
858
883
883
849
849
823
842
842
810
773
773
776
774
774
768
748
748
764
773
773
761
766
766
788
788
797
815
815
810
829
829
819
819
794
806
806
789
789
767
781
781
781
755
755
767
772
772
750
769
769
742
772
772
758
771
771
774
758
758
739
757
757
765
763
763
752
775
775
793
793
788
768
768
778
784
784
762
757
757
773
770
770
747
762
762
771
771
759
756
756
772
779
779
757
771
771
795
785
785
767
791
791
830
830
815
801
801
798
798
854
793
793
789
813
813
817
817
796
820
820
843
843
840
817
817
852
852
869
848
848
869
869
898
898
866
866
844
855
855
832
832
804
822
822
827
805
805
825
825
859
876
876
838
838
877
877
896
865
865
831
831
854
854
809
778
778
776
814
814
799
787
787
829
829
882
911
911
923
923
859
859
877
877
885
862
862
809
809
819
813
813
797
772
772
785
785
800
792
792
775
796
796
797
779
779
773
773
772
752
752
749
761
761
755
777
777
798
793
793
786
826
826
826
826
798
813
813
804
804
848
799
799
819
819
844
810
810
800
824
824
845
845
806
835
835
852
852
853
853
829
859
859
836
836
809
832
832
827
827
799
811
811
813
766
766
775
774
774
770
770
770
768
759
759
737
752
752
745
728
728
724
734
734
727
743
743
768
745
745
821
766
766
796
804
804
798
798
787
813
813
823
823
800
786
786
809
809
809
800
800
777
800
800
810
824
824
792
792
806
819
819
830
830
805
834
834
852
852
831
808
808
838
838
841
818
818
806
832
832
838
838
802
814
814
826
826
820
820
820
819
819
852
812
812
815
815
822
824
824
807
796
796
750
713
713
740
708
708
688
682
676
676
670
664
655
655
653
661
665
669
669
678
685
685
697
684
706
706
716
735
735
764
787
787
770
761
761
780
780
787
761
761
767
769
769
753
735
735
755
746
746
771
754
754
774
789
789
788
788
768
744
744
734
729
733
733
743
756
756
741
762
762
785
774
774
764
764
791
802
802
772
786
786
801
801
785
786
786
803
805
805
778
795
795
804
804
771
781
781
790
780
780
767
781
781
789
789
766
778
778
792
771
771
761
780
780
790
775
775
780
780
813
809
809
771
797
797
794
794
776
762
762
774
781
781
764
780
780
782
773
773
753
754
754
754
763
763
789
792
792
771
771
780
786
786
773
753
753
768
784
784
778
770
770
800
800
816
789
789
797
817
817
833
833
797
808
808
822
822
807
783
783
800
807
807
787
787
800
818
818
809
779
779
793
793
793
770
770
769
794
794
797
802
802
790
790
764
773
773
773
760
760
751
766
766
774
764
764
784
818
818
813
813
796
819
819
828
828
806
803
803
818
824
824
807
807
833
858
858
837
837
811
833
833
807
807
780
790
790
788
767
767
781
802
802
799
799
801
846
846
841
841
815
813
813
790
752
752
755
757
757
744
756
756
790
803
803
789
789
824
807
807
795
795
803
826
826
805
772
772
782
782
768
742
742
723
716
727
727
733
721
721
721
748
748
757
745
745
770
797
797
817
795
795
822
822
835
799
799
800
800
816
796
796
773
787
787
787
787
756
752
769
769
772
772
763
783
783
798
796
796
782
758
758
770
766
766
772
772
712
752
761
761
748
765
765
795
795
796
776
776
800
808
808
779
779
770
789
789
781
758
758
762
756
756
740
757
757
779
763
763
752
778
778
783
764
764
769
769
786
785
785
759
779
779
783
764
764
774
793
793
782
782
762
785
785
764
773
773
723
725
725
742
746
752
752
763
763
760
742
742
724
707
711
711
718
731
731
728
727
727
746
762
762
748
749
749
752
747
747
725
733
733
738
748
732
732
719
708
708
744
741
741
730
729
729
723
729
729
719
707
685
685
686
696
713
713
705
739
739
738
763
763
788
749
749
767
767
780
770
770
747
762
762
774
787
787
757
783
783
802
802
814
789
789
815
836
836
819
819
804
834
834
840
840
811
842
842
854
854
825
829
829
824
824
802
776
776
791
787
787
764
794
794
812
812
790
795
795
864
864
821
827
827
831
831
818
788
788
808
802
802
775
775
781
816
816
813
792
792
820
820
848
828
828
818
818
841
830
830
796
796
814
814
814
789
800
800
810
810
788
809
809
838
827
827
835
835
867
867
848
819
819
842
842
838
804
804
682
961
961
794
794
818
843
843
813
813
824
842
842
820
820
802
815
815
815
815
784
804
804
794
779
779
756
741
741
760
772
772
759
766
766
784
785
785
760
776
776
771
771
758
754
754
765
769
769
760
788
788
805
785
785
809
809
819
800
800
797
795
795
793
793
776
793
793
791
772
772
794
799
799
777
777
775
784
784
774
768
768
784
772
772
764
788
788
798
798
760
784
784
810
803
803
794
794
781
751
751
745
731
744
744
751
760
760
756
789
789
816
816
793
812
812
824
824
803
799
799
782
796
796
768
777
777
792
792
806
776
776
810
817
817
794
794
814
833
833
810
810
813
834
834
817
817
797
817
817
804
789
789
809
809
811
790
790
789
799
799
800
800
776
786
786
796
778
778
777
789
789
772
758
758
771
780
780
769
769
813
788
788
811
821
821
845
845
841
841
834
856
856
856
856
818
830
830
836
836
813
806
806
825
817
817
797
797
819
821
821
805
805
843
879
879
840
840
864
864
873
828
828
835
835
831
789
789
797
800
800
785
765
765
765
767
767
761
761
743
769
698
698
726
721
721
715
704
699
699
693
704
704
707
704
704
704
726
746
746
745
743
743
771
769
769
768
768
815
835
835
813
813
824
852
852
855
855
816
827
827
829
829
802
794
794
830
830
841
816
816
845
845
864
835
835
833
833
848
838
838
746
800
800
771
771
773
781
781
783
763
763
770
783
783
802
782
782
803
803
828
820
820
803
803
832
843
843
831
831
836
860
860
854
854
823
826
826
817
817
790
789
789
789
766
766
766
784
784
797
793
793
823
823
841
806
806
830
830
849
795
795
802
802
826
818
818
796
796
815
824
824
792
809
809
817
817
801
776
776
773
744
744
740
734
734
733
757
757
774
763
763
777
805
805
779
773
773
798
798
797
765
765
783
803
803
791
776
776
805
805
805
783
783
783
797
797
799
799
782
790
790
843
787
787
804
804
806
776
776
789
788
788
790
790
773
783
783
795
782
782
771
787
787
790
770
770
793
793
810
833
833
803
803
812
808
808
777
781
781
781
768
768
763
770
770
767
747
747
761
771
771
781
781
757
779
779
795
780
780
777
734
734
753
753
753
758
735
735
746
761
761
776
762
762
759
776
776
795
795
779
785
785
802
808
808
793
793
821
836
836
816
816
806
827
827
824
824
790
810
810
816
813
813
785
803
803
808
808
792
794
794
809
805
805
785
785
812
812
812
804
804
789
818
818
787
790
790
810
810
806
781
781
810
820
820
797
797
782
801
801
794
768
768
785
801
801
784
784
767
791
791
798
785
785
771
789
789
781
761
761
763
715
715
726
722
722
697
693
682
682
681
676
668
668
669
663
664
664
675
675
646
646
684
721
721
757
806
806
870
870
878
872
872
813
813
810
810
796
788
788
771
751
751
748
733
733
714
718
720
720
736
747
747
746
777
777
791
794
794
800
800
813
816
816
788
788
788
790
790
771
763
763
768
750
750
740
737
737
736
751
751
707
712
707
707
718
713
713
708
737
737
746
738
738
756
754
754
736
730
740
740
736
719
719
728
743
743
741
782
782
837
837
829
822
822
856
856
876
876
849
850
850
838
838
800
808
808
820
809
809
809
809
825
857
857
846
846
854
854
838
870
870
823
823
839
835
835
808
808
814
818
818
813
811
811
826
826
808
780
780
786
775
775
771
785
785
769
769
781
786
786
803
818
818
785
773
773
767
767
748
732
712
712
711
724
724
735
803
803
837
837
817
814
814
862
862
810
822
822
813
821
821
826
826
827
816
816
798
798
823
820
820
804
804
798
776
776
795
807
807
807
803
803
799
799
786
761
761
765
754
754
735
737
737
759
777
777
778
806
806
807
807
785
769
769
759
767
767
767
776
776
748
750
750
759
761
761
752
759
759
789
778
778
770
770
815
824
824
788
789
789
799
799
781
764
764
777
781
781
765
775
775
796
790
790
769
769
789
806
806
781
778
778
793
786
786
765
765
781
792
792
777
796
796
798
763
763
742
785
785
764
764
771
764
764
755
744
744
728
752
674
674
714
720
720
732
730
730
763
791
791
781
799
799
831
831
850
816
816
830
830
822
818
818
802
802
821
825
825
799
778
778
783
783
782
765
765
771
778
778
795
794
794
824
824
844
836
836
827
827
837
831
831
802
802
806
810
810
807
719
719
782
755
755
759
783
783
802
802
787
815
815
832
809
809
815
815
806
778
778
761
763
763
761
747
747
753
773
773
802
802
791
829
829
853
853
827
836
836
836
836
805
798
798
799
784
784
765
787
787
752
756
756
772
762
762
765
765
754
766
766
743
746
746
733
719
724
724
716
722
722
747
752
752
746
768
768
804
806
806
803
803
831
827
827
795
795
812
816
816
822
822
789
801
801
797
780
780
789
792
792
799
799
799
818
818
802
827
827
833
833
807
819
819
818
818
813
814
814
814
814
799
840
840
859
859
869
840
840
845
845
846
844
844
809
809
826
819
819
795
795
813
821
821
801
820
820
837
837
833
825
825
842
842
839
803
803
814
814
816
808
808
807
807
822
817
817
797
820
820
819
819
794
767
767
761
772
772
761
662
662
900
770
770
775
783
783
769
769
751
764
764
762
750
750
761
769
769
761
741
741
729
715
703
703
691
688
688
682
708
748
748
779
772
772
762
762
764
764
764
770
770
770
769
762
762
737
720
720
735
739
739
729
752
752
772
786
786
782
759
759
765
796
796
811
811
829
803
803
834
834
853
811
811
795
795
789
792
792
800
791
791
824
824
839
849
849
802
802
823
825
825
819
786
786
797
797
805
787
787
796
815
815
834
834
825
854
854
820
820
806
795
795
777
776
776
783
747
747
781
781
761
755
755
758
745
737
737
730
722
722
710
697
697
701
700
713
713
740
787
787
811
811
878
922
922
910
910
904
904
892
892
856
856
825
809
809
797
771
771
778
779
779
769
775
775
801
801
818
807
807
843
843
860
839
839
828
828
813
823
823
746
778
778
763
771
771
780
780
779
795
795
809
795
795
824
824
853
825
825
838
838
851
814
814
812
812
808
788
788
779
774
774
771
759
759
773
772
772
762
762
762
742
729
729
730
725
725
728
746
746
738
732
732
747
741
741
723
736
736
736
723
730
730
741
731
731
748
728
728
733
744
744
726
712
712
724
715
704
704
690
689
689
678
667
669
669
660
659
664
662
662
661
662
663
663
659
666
659
659
653
658
661
661
656
647
636
639
639
634
631
644
644
639
645
647
649
649
645
645
644
644
646
646
643
634
634
639
634
624
627
627
626
623
621
634
634
634
646
659
659
677
686
702
702
704
688
688
704
698
682
682
669
670
656
656
652
642
643
643
627
628
617
611
614
614
604
605
604
603
599
599
595
602
597
594
597
597
599
599
617
621
621
617
628
638
638
638
653
664
668
668
666
677
683
683
678
669
669
669
664
650
648
648
650
652
650
650
654
655
649
648
648
648
648
651
651
658
668
662
662
681
707
741
741