639
641
639
639
637
660
720
720
703
713
713
699
682
677
677
663
644
641
641
623
606
601
587
577
578
578
569
566
560
562
559
554
555
554
551
546
546
547
544
539
542
541
541
545
544
559
549
546
546
540
552
550
555
557
558
560
561
564
564
567
565
563
565
567
569
573
573
578
583
585
589
591
588
588
589
587
584
576
577
576
576
569
569
567
570
563
564
560
552
552
553
551
553
553
550
549
553
550
552
552
552
554
560
555
554
554
556
553
558
561
561
554
555
554
553
550
549
544
538
541
535
533
533
530
525
524
524
521
518
518
513
516
512
515
514
519
527
527
531
533
538
537
544
544
544
540
538
536
530
529
527
525
522
525
526
523
525
526
526
526
530
528
528
530
532
529
538
541
544
554
561
563
562
559
559
556
556
556
557
552
551
550
548
547
547
545
544
544
548
545
542
538
538
535
535
531
527
528
524
524
526
525
468
513
513
513
657
550
552
561
593
593
623
626
614
532
579
579
579
579
579
747
747
593
593
593
593
593
593
0
0
0
0
634
629
620
631
641
641
637
631
637
651
651
647
650
669
669
666
650
647
647
659
652
644
644
644
654
649
645
645
652
661
646
646
646
658
664
664
654
657
669
669
669
664
674
674
676
664
653
653
657
636
637
650
650
637
657
673
673
664
668
683
683
697
675
669
669
677
677
677
665
676
701
701
707
697
712
712
717
698
698
700
702
702
693
675
674
674
674
664
652
652
664
685
702
702
694
693
710
710
730
730
730
712
709
709
713
709
709
695
692
693
693
687
895
895
482
690
666
660
660
663
659
669
669
683
674
669
669
675
685
685
677
667
675
675
697
695
688
688
700
716
716
709
712
714
714
703
714
714
718
711
711
714
718
688
688
684
690
690
689
672
680
680
683
703
502
643
643
643
692
509
618
618
618
524
640
606
550
767
767
636
523
607
607
607
607
874
874
723
736
736
753
724
724
734
731
731
713
713
712
712
702
688
688
695
684
699
699
723
723
723
743
782
782
806
793
793
775
775
793
791
791
776
755
755
768
775
775
752
745
745
786
786
767
833
833
763
771
771
755
728
728
735
762
762
760
758
758
776
756
756
741
761
761
762
732
732
738
745
745
729
739
739
730
724
724
729
719
698
698
707
695
695
701
705
707
707
694
714
714
739
742
742
729
753
753
762
746
746
772
780
780
757
956
956
557
781
781
756
757
757
772
738
738
731
733
733
725
708
708
724
734
734
723
740
740
751
743
743
732
751
778
778
809
809
787
771
771
801
807
807
781
781
760
770
770
784
756
756
756
778
778
783
746
746
748
752
752
733
731
731
761
751
751
798
769
769
802
802
819
768
768
755
762
762
757
729
729
729
731
731
730
718
736
736
752
748
748
748
776
776
801
801
782
754
754
757
739
739
716
714
714
700
683
690
690
694
713
744
744
759
733
733
739
745
745
730
718
718
733
742
742
729
732
732
777
768
768
748
765
765
782
769
769
769
769
785
793
793
764
766
766
782
784
784
761
760
760
773
785
785
768
768
775
791
791
783
771
771
785
789
789
764
764
769
783
783
773
762
762
791
797
797
783
789
789
803
803
779
781
781
794
787
787
744
756
756
757
743
743
765
767
767
738
746
746
758
756
756
772
790
790
778
778
752
750
750
761
751
751
730
748
748
752
729
741
741
760
760
772
758
758
771
783
783
760
761
761
764
747
747
736
752
752
754
742
742
742
755
755
745
743
743
747
763
763
731
742
742
753
738
738
726
746
746
772
775
775
759
771
771
798
797
797
771
771
785
795
795
771
753
753
769
771
771
752
758
758
780
774
774
772
796
796
788
788
771
790
790
788
767
767
753
765
765
747
727
727
741
766
766
768
758
758
712
733
733
732
730
730
756
776
776
758
764
764
734
731
731
734
718
718
721
724
711
711
700
720
720
725
716
716
720
741
747
747
738
750
750
771
771
758
744
744
756
737
737
718
721
718
718
706
706
706
713
721
710
710
725
742
742
728
725
725
759
733
733
712
713
713
725
718
712
712
728
738
738
732
740
740
758
761
761
742
749
749
749
729
729
728
735
735
737
729
729
746
740
740
715
707
704
704
702
692
692
703
720
718
718
712
737
737
747
731
731
729
737
737
729
715
715
728
727
733
733
720
736
736
740
724
724
734
742
742
734
726
726
728
702
702
688
689
686
686
702
717
715
715
711
735
735
749
737
737
747
769
769
747
731
731
746
747
747
726
721
721
735
744
744
739
741
741
760
762
762
745
749
749
766
761
761
743
751
751
743
728
728
747
766
766
749
755
755
752
725
725
712
717
709
709
723
739
739
739
728
728
741
751
751
730
732
732
747
745
745
724
737
737
755
758
758
742
748
748
764
755
755
736
753
753
724
724
722
722
745
761
761
743
731
731
730
750
750
740
801
801
762
746
746
775
775
787
772
772
789
784
784
764
753
753
746
725
725
724
718
718
711
719
717
717
701
702
702
706
725
732
732
719
710
710
726
728
728
727
738
738
753
738
738
734
744
744
745
727
727
729
743
743
738
731
737
737
735
753
753
732
758
758
752
737
737
746
753
753
739
742
742
746
751
751
733
740
740
755
740
740
719
733
733
745
769
769
757
763
763
762
758
758
733
738
738
739
733
733
736
750
750
742
733
733
749
751
751
735
745
745
758
739
739
762
790
790
787
766
766
780
771
771
758
747
747
748
722
722
723
716
716
718
743
743
757
740
740
748
767
767
780
763
763
781
792
792
764
758
758
765
765
752
735
745
745
763
745
745
747
753
753
745
727
727
736
750
750
733
756
756
777
768
768
752
765
765
758
743
743
738
755
755
753
733
733
745
755
755
732
729
729
728
737
737
725
743
743
761
783
783
757
759
759
761
738
738
739
744
744
735
723
723
731
744
744
727
722
739
739
758
734
734
740
768
768
771
771
757
772
772
777
747
747
737
740
740
714
741
683
683
704
716
716
728
727
727
727
745
745
747
733
757
757
774
774
763
750
750
763
771
771
752
753
753
770
774
774
765
779
779
786
786
766
748
748
771
760
760
745
766
766
772
774
774
754
761
761
779
776
776
764
780
780
797
797
776
776
776
762
768
768
743
746
746
749
746
746
733
742
742
762
762
762
752
774
774
789
768
768
768
776
776
768
750
750
756
762
762
745
736
736
749
750
750
733
748
748
754
746
746
754
775
775
783
760
760
773
773
787
771
771
753
771
771
770
749
749
763
755
755
760
744
744
771
777
777
766
759
759
771
759
759
739
746
746
753
742
742
729
740
740
750
742
742
754
783
783
788
788
771
783
783
786
766
766
765
772
772
768
749
749
756
759
759
737
738
738
747
750
750
733
758
758
771
762
762
758
779
779
772
766
766
767
767
767
734
734
749
751
751
749
735
712
712
695
691
691
695
707
708
708
723
754
754
761
752
752
778
800
800
773
773
783
789
789
768
752
752
765
777
777
766
761
761
778
778
774
764
764
776
791
791
767
770
770
777
773
773
742
754
754
746
732
732
735
737
737
723
726
726
714
700
719
719
720
733
733
753
745
745
743
768
768
762
742
742
758
769
769
761
750
750
780
790
790
770
770
793
811
811
779
772
772
781
781
775
753
753
770
771
771
757
755
755
776
790
790
877
877
674
798
798
782
766
766
779
769
769
751
756
756
754
752
752
737
763
763
758
724
724
742
754
754
752
751
751
774
778
778
767
780
780
778
750
750
748
754
754
746
733
733
754
773
773
769
777
777
813
813
826
794
794
808
808
810
775
775
792
763
763
760
758
758
767
747
747
729
728
728
744
761
761
748
747
747
765
770
770
745
762
762
778
772
772
761
785
785
797
797
773
769
769
788
785
785
768
776
776
794
794
788
770
770
792
803
803
778
787
787
799
799
796
766
766
766
777
777
779
724
724
746
752
752
761
750
750
769
787
787
776
785
785
813
813
803
773
773
779
775
775
773
753
753
761
775
775
772
772
756
774
774
782
778
778
781
794
794
789
789
761
764
764
736
736
743
743
726
714
714
723
727
727
716
709
720
720
722
738
738
723
743
743
755
739
739
746
738
738
719
706
706
706
725
729
729
723
728
728
750
754
754
737
749
749
766
762
762
749
771
771
778
778
765
752
752
769
763
763
751
764
764
778
772
772
760
784
784
792
772
772
772
772
784
785
785
762
774
774
776
775
775
768
783
783
799
799
778
775
775
791
787
787
761
783
783
782
762
762
749
758
758
761
748
748
758
764
764
749
749
746
761
761
776
756
756
779
779
779
755
764
764
763
748
748
753
759
759
747
735
735
751
761
761
750
769
769
756
815
815
781
781
796
768
768
757
762
762
746
728
728
713
702
696
696
706
729
729
731
740
740
779
816
816
793
792
792
813
813
801
771
771
783
781
781
778
778
755
774
774
782
773
773
764
781
781
779
767
767
784
795
795
771
771
780
789
789
797
785
785
771
795
795
788
788
776
786
786
780
770
770
788
796
796
774
774
790
800
800
781
771
771
787
780
780
756
755
755
757
752
752
741
757
757
763
755
755
755
774
774
775
775
760
767
767
781
769
769
751
754
754
742
726
726
734
746
746
739
743
743
727
761
761
746
748
748
753
729
721
721
733
724
724
729
742
742
741
727
727
721
733
733
729
717
731
731
748
752
752
757
786
786
798
798
775
784
784
796
777
777
764
764
766
770
770
750
756
756
762
745
745
736
747
747
759
753
753
770
757
757
810
765
765
771
761
761
739
758
758
761
744
744
747
755
755
745
736
736
749
756
756
737
730
730
738
758
758
757
745
745
759
757
757
741
752
752
764
754
754
766
782
782
769
756
756
777
775
775
752
752
754
760
760
746
730
746
746
749
766
766
754
754
790
814
814
792
810
810
815
815
781
787
787
783
764
764
748
763
763
764
750
750
772
794
794
808
808
782
812
812
814
814
801
781
781
798
798
798
771
775
775
776
760
760
749
763
763
771
771
757
786
786
806
778
778
783
799
799
784
784
771
772
772
767
749
749
754
765
765
756
742
742
749
756
756
737
745
745
759
762
762
746
760
760
767
739
739
732
730
730
729
716
708
708
712
707
707
693
691
712
712
724
717
717
736
750
750
742
729
729
742
750
750
738
727
727
714
729
740
740
780
780
790
772
772
799
815
815
784
784
797
796
796
767
771
771
771
762
762
763
786
786
816
816
778
785
785
784
755
755
763
775
775
771
768
768
825
825
885
867
867
878
878
922
922
906
906
871
871
913
914
914
860
860
855
855
861
872
872
790
790
849
872
872
842
842
858
886
886
879
879
840
840
859
850
850
813
813
834
816
816
795
795
801
778
778
782
797
797
833
793
793
821
821
829
792
792
803
803
814
793
793
800
814
814
792
792
773
762
762
746
730
706
706
696
710
710
723
729
755
755
786
786
772
803
803
815
779
779
795
795
791
763
763
774
780
780
755
770
770
773
759
759
781
794
794
773
773
794
814
814
794
785
785
785
785
771
748
748
767
766
766
746
763
763
773
760
760
775
801
801
813
813
812
854
854
868
868
822
798
798
803
803
771
782
782
801
788
788
776
811
811
818
818
785
815
815
830
830
836
809
809
864
864
887
857
857
880
880
878
878
835
834
834
836
836
814
788
788
799
789
789
771
794
794
788
788
767
745
745
743
737
753
753
756
740
740
753
765
765
753
744
744
761
778
778
755
755
762
783
783
773
759
759
781
780
780
756
772
772
794
794
776
765
765
784
785
785
772
795
795
803
803
818
791
791
812
822
822
811
811
784
793
793
775
756
756
773
774
774
758
773
773
776
776
758
749
749
765
770
770
755
757
757
758
750
750
745
743
743
732
728
738
738
748
737
737
751
764
764
757
757
757
777
777
766
752
752
768
768
768
739
747
747
753
745
745
739
745
745
729
721
732
732
723
737
737
751
740
740
755
773
773
756
745
745
755
751
751
753
744
744
746
729
729
721
722
722
725
718
718
729
742
749
749
738
756
756
756
756
733
732
740
740
743
732
732
734
753
753
762
755
755
776
809
809
806
806
781
807
807
797
797
777
783
783
792
781
781
758
727
727
708
720
720
731
739
740
740
764
782
782
766
766
776
801
801
801
779
779
814
814
836
817
817
804
804
822
795
795
758
758
758
760
749
749
768
809
809
851
851
828
875
875
895
895
847
847
855
851
851
808
808
813
812
812
788
788
777
799
799
825
832
832
834
834
872
833
833
878
878
848
848
852
822
822
821
821
841
825
825
802
825
825
821
821
797
827
827
843
843
825
826
826
868
868
882
882
864
901
901
923
923
914
914
878
878
906
901
901
888
888
853
853
882
903
903
897
897
872
872
886
886
903
911
911
883
883
892
892
904
904
919
891
891
860
860
857
857
822
813
813
818
807
807
781
781
800
783
783
760
745
745
737
741
741
732
733
729
729
738
728
728
723
729
729
721
718
718
708
721
721
721
713
713
713
730
740
740
732
762
762
788
771
771
773
802
802
770
770
823
813
813
827
827
800
807
807
831
805
805
793
793
816
822
822
794
806
806
820
820
835
814
814
858
858
872
872
885
857
857
890
890
910
910
867
867
901
907
907
885
885
853
853
891
898
898
880
880
890
890
930
930
954
954
913
909
909
1052
1052
781
781
859
859
875
904
904
907
907
872
872
897
910
910
903
903
861
861
864
864
895
899
899
865
865
880
880
902
909
909
878
878
892
892
900
900
889
843
843
824
824
829
808
808
789
813
813
819
819
792
821
821
806
784
784
812
812
811
997
997
590
826
826
813
813
796
825
825
790
787
787
797
797
804
780
780
785
798
798
811
811
775
768
768
764
775
775
799
827
827
802
802
793
832
832
856
856
837
828
828
866
866
903
903
847
854
854
876
876
888
888
862
883
883
930
930
942
942
898
898
953
953
958
958
922
923
923
927
927
911
911
876
876
919
919
937
904
904
897
897
928
928
930
930
892
899
899
928
928
922
922
887
887
899
899
892
867
867
880
880
897
897
903
878
878
897
897
904
904
895
895
850
847
847
867
867
879
874
874
849
849
868
868
823
842
842
867
867
823
841
841
856
856
830
837
837
845
845
810
805
805
819
807
807
788
788
824
841
841
847
847
856
909
909
935
935
903
903
930
930
958
958
935
935
895
933
933
949
949
901
901
876
876
909
909
917
890
890
905
905
938
938
946
946
893
893
910
917
917
908
908
868
868
894
894
916
907
907
869
869
893
893
913
913
925
896
896
916
916
944
944
927
927
874
874
875
890
890
924
924
896
896
900
913
913
924
924
898
898
916
916
923
923
950
950
853
817
817
883
883
723
797
817
817
823
823
804
837
837
842
842
810
819
819
799
799
776
779
779
788
783
783
766
790
790
797
774
774
764
775
775
758
758
754
778
778
801
792
792
785
843
843
889
889
874
874
899
899
924
913
913
876
876
904
904
905
905
893
893
882
936
936
945
945
898
898
918
918
932
932
896
889
889
940
940
947
947
894
894
893
922
922
892
892
844
844
866
896
896
918
918
894
894
945
945
990
990
948
948
943
943
963
963
916
867
867
885
885
896
896
856
897
897
924
924
901
901
896
896
938
970
970
925
925
948
948
973
973
900
900
866
866
880
874
874
832
832
854
857
857
835
835
865
865
871
845
845
827
827
841
834
834
799
813
813
786
786
767
769
769
751
739
739
729
724
738
738
754
764
764
751
767
767
794
794
779
771
771
769
806
806
770
801
801
801
801
774
788
788
798
787
787
777
821
821
874
874
866
866
899
899
937
925
925
878
878
919
919
941
941
899
899
914
914
927
923
923
869
869
902
902
905
905
880
832
832
851
851
873
843
843
889
889
952
952
968
968
935
935
957
957
941
870
870
863
863
874
874
884
861
861
889
889
921
921
892
869
869
886
886
876
876
838
867
867
899
899
903
903
899
899
956
956
936
866
866
888
888
899
899
904
883
883
895
895
856
856
802
780
780
781
783
783
772
806
806
862
862
819
914
914
891
891
920
920
874
874
845
878
878
842
842
812
819
819
789
789
764
774
774
780
783
783
771
815
815
837
843
843
888
888
943
943
960
960
914
914
939
939
963
963
934
934
886
927
927
948
948
903
903
922
922
960
960
945
945
913
929
929
982
982
914
914
888
888
938
938
966
966
927
927
978
978
985
985
955
915
915
977
977
1002
1002
979
979
977
977
969
969
921
921
872
872
901
947
947
938
938
938
938
1007
1007
1036
1036
952
952
938
938
969
969
971
971
931
931
968
968
993
993
954
954
964
896
896
942
942
902
902
885
885
929
955
955
941
941
910
910
923
923
925
925
930
930
892
910
910
938
938
953
953
938
938
915
915
930
930
909
877
877
913
913
926
926
909
909
872
897
897
925
925
914
914
877
877
894
922
922
893
893
884
884
925
925
947
947
928
876
876
900
900
896
896
879
870
870
907
907
952
952
961
961
939
939
950
950
951
951
934
913
913
856
856
848
848
840
817
817
830
911
911
995
995
942
942
961
961
1003
1003
982
982
909
909
932
932
941
941
908
908
862
914
914
896
896
873
873
858
884
884
886
886
856
856
857
883
883
908
908
884
884
859
888
888
926
926
942
942
902
902
904
904
948
973
973
922
922
935
935
976
976
940
940
895
895
913
913
920
915
915
883
883
913
913
915
915
910
870
870
894
894
899
899
975
975
906
906
871
915
915
930
930
907
907
875
875
865
854
854
817
798
798
830
830
885
907
907
893
893
996
996
1018
1018
938
938
918
918
944
944
914
914
869
894
894
923
923
914
914
872
872
914
956
956
965
965
938
938
959
959
952
952
1300
1300
1300
1380
1380
1380
915
915
935
903
903
912
912
941
941
962
962
898
863
863
891
891
910
910
891
865
865
922
922
961
961
933
933
909
909
974
974
981
981
931
894
894
903
903
925
925
927
927
900
946
946
958
958
924
924
901
901
926
926
955
955
932
932
944
946
946
959
959
930
930
947
947
998
998
997
997
956
956
977
977
987
987
936
936
948
948
974
974
958
958
905
963
963
979
979
961
961
922
922
937
937
964
964
915
915
896
956
956
955
955
932
932
962
962
972
972
941
941
927
927
956
956
957
957
897
915
915
930
930
947
947
883
883
880
929
929
952
952
897
897
906
906
946
946
966
966
921
890
890
943
943
947
947
893
893
892
909
909
917
917
878
878
847
847
888
902
902
899
899
866
866
874
926
926
936
936
895
895
901
901
911
911
890
852
852
871
871
879
912
912
887
887
895
895
942
942
951
951
909
909
925
938
938
901
901
853
853
875
875
875
846
846
835
835
863
884
884
871
871
855
909
909
948
948
935
935
897
897
924
924
945
945
938
938
895
918
918
906
906
895
895
908
908
796
862
862
840
822
822
797
797
819
827
827
825
825
794
773
773
777
795
795
786
797
797
814
814
783
792
792
783
758
758
758
762
762
756
744
744
738
745
745
740
741
741
729
740
749
749
764
764
756
774
774
800
815
815
788
788
803
786
786
894
894
815
853
853
899
899
915
915
873
896
896
939
939
939
939
887
887
938
938
968
968
945
945
899
947
947
966
966
942
942
901
901
948
948
969
969
896
896
854
876
876
865
865
835
852
852
883
883
847
832
832
867
867
875
875
848
834
834
854
854
932
932
880
910
910
952
952
947
947
903
903
950
950
950
950
896
896
896
953
953
969
969
918
918
958
958
975
975
961
961
884
884
925
953
953
945
945
931
931
1023
1023
1077
1077
983
983
967
967
989
989
1012
1012
943
943
947
947
948
948
907
907
876
919
919
955
955
950
950
929
929
996
996
992
992
955
955
934
934
983
983
987
987
952
952
913
938
938
952
952
929
929
907
907
931
931
903
858
858
832
832
866
905
905
920
920
907
907
995
995
1017
1017
968
968
960
960
958
958
930
930
873
1045
1045
1045
738
867
867
829
860
860
866
866
876
831
831
843
843
848
859
859
831
831
878
954
954
946
946
900
900
930
930
982
982
984
984
929
929
940
940
963
963
946
946
911
923
923
939
939
942
942
905
905
937
937
948
948
953
953
951
951
912
908
908
921
921
910
910
945
945
944
944
911
942
942
961
961
954
954
928
928
921
921
966
966
974
974
919
919
961
977
977
979
979
937
937
951
951
987
987
972
972
926
926
955
955
988
988
955
955
937
937
1003
1003
1025
1025
949
949
923
965
965
962
962
966
966
972
972
1015
1015
1007
1007
959
959
999
999
1007
1007
972
972
925
925
964
964
971
971
931
931
876
909
909
923
923
928
928
896
896
932
971
971
906
906
877
877
896
896
891
839
839
822
822
841
848
848
815
815
850
838
838
814
814
785
824
824
747
788
788
776
761
761
772
762
762
749
759
759
765
765
765
759
791
791
834
834
863
863
833
875
875
929
929
950
950
907
907
966
966
995
995
971
971
934
934
989
989
1026
1026
974
974
977
977
973
973
965
965
908
941
941
998
998
1020
1020
977
977
1026
1026
1051
1051
991
991
1000
1000
991
991
969
969
911
911
920
920
941
941
957
957
925
925
971
1004
1004
1004
978
989
989
1026
1026
1026
1012
1012
944
951
951
963
963
973
973
933
933
997
997
1023
1023
973
973
979
979
982
982
1006
1006
1007
1007
963
963
1281
1281
1281
582
927
880
880
897
897
892
892
933
933
910
907
907
979
979
1034
1034
982
982
945
945
979
979
939
939
943
943
907
907
914
914
959
1004
1004
949
949
964
964
980
980
973
973
938
938
955
955
959
959
949
949
916
916
934
942
942
947
947
943
943
911
911
975
975
933
933
927
927
980
980
997
997
942
942
956
991
991
998
998
935
935
976
976
950
950
938
938
959
959
946
946
906
906
958
958
969
947
947
907
907
946
946
955
955
912
912
897
897
938
942
942
912
912
942
942
968
968
953
953
908
908
944
944
982
982
946
894
894
930
930
940
940
893
893
855
888
888
919
919
920
920
889
889
941
996
996
996
975
975
927
943
943
969
969
960
960
916
916
921
921
954
954
973
973
918
925
925
952
952
951
951
912
912
924
924
963
963
944
944
876
925
925
938
938
930
930
887
887
918
938
938
938
938
889
889
932
932
969
969
968
968
932
932
970
970
1001
1001
966
966
925
942
942
963
963
963
963
915
915
962
962
973
973
973
973
929
929
951
951
956
956
922
910
910
938
938
925
925
874
874
919
933
933
981
981
922
922
983
983
998
998
980
980
921
921
968
968
1002
1002
984
984
927
927
952
952
960
960
945
901
901
927
927
941
941
933
933
873
904
904
945
945
926
926
899
899
958
958
994
994
916
916
928
954
954
933
933
894
894
965
965
970
970
909
909
888
923
923
933
933
913
913
879
879
913
951
951
949
949
906
906
946
946
942
942
930
930
866
853
853
867
867
876
876
837
819
819
855
855
863
859
859
834
834
897
855
855
827
827
849
849
849
816
816
824
820
820
808
808
780
815
815
744
762
762
759
775
775
780
771
771
783
812
812
852
852
837
837
854
908
908
958
958
910
910
945
945
976
976
940
940
886
886
941
933
933
942
942
896
896
954
954
1000
1000
979
979
883
883
921
921
930
938
938
897
897
978
978
1017
1017
957
957
1020
1020
1019
1019
1025
1025
1016
1016
952
952
986
986
991
991
956
956
947
947
999
999
1015
1015
965
965
947
947
978
978
967
967
932
953
953
979
979
1003
1003
953
953
968
968
999
999
995
995
962
962
1008
1008
1006
1006
953
953
960
960
985
985
995
995
1319
1319
1319
591
989
989
1003
1003
938
938
959
980
980
976
976
915
915
921
921
941
941
952
952
915
915
920
950
950
981
981
937
937
956
956
1010
1010
999
999
959
959
992
992
1006
1006
964
964
979
979
995
995
978
978
937
937
958
958
985
985
984
984
975
975
932
987
987
985
985
951
951
949
949
979
979
976
976
941
941
935
935
953
953
943
943
909
930
930
956
956
980
980
941
941
947
947
979
979
976
976
910
910
888
921
921
945
945
921
921
910
910
971
971
979
979
938
938
933
959
959
984
984
955
955
826
826
915
915
926
926
875
896
896
934
934
955
955
913
913
957
957
984
984
979
979
939
939
960
968
968
940
940
904
904
899
899
941
941
972
972
890
930
930
952
952
917
917
908
908
966
966
1002
1002
969
969
965
965
979
979
1011
1011
950
950
942
955
955
978
978
940
940
939
939
954
954
970
970
922
922
899
899
949
959
959
921
921
923
923
956
956
969
969
938
938
959
959
938
938
931
903
903
898
898
922
922
975
975
911
911
925
980
980
998
998
958
958
979
979
983
983
947
947
962
962
955
955
999
999
946
946
913
913
947
947
953
953
919
894
894
919
919
921
921
911
911
862
837
837
832
832
800
805
805
738
735
731
731
688
688
668
668
641
658
641
641
630
622
614
605
600
593
593
586
581
571
574
569
567
579
579
595
610
590
590
590
590
590
696
682
682
697
688
688
672
645
645
652
654
668
668
651
648
654
659
659
662
646
651
651
641
633
628
619
619
621
619
625
630
630
633
643
640
655
655
664
652
650
650
656
654
655
655
664
673
683
683
693
680
680
670
662
666
666
669
683
682
682
690
695
708
708
709
713
713
735
751
751
754
739
739
755
757
757
741
738
738
765
766
766
744
773
773
811
811
796
780
780
800
825
825
816
816
794
805
805
801
801
782
763
763
755
739
731
731
736
752
752
787
770
770
811
811
875
875
807
856
856
897
897
837
802
802
807
807
787
757
757
760
757
757
759
750
750
771
775
775
785
773
773
760
741
741
734
743
743
757
777
777
766
791
791
816
816
791
819
819
837
837
888
827
827
842
842
862
808
808
781
781
813
788
788
788
804
804
732
730
730
752
733
733
708
702
689
689
684
679
664
664
669
668
667
667
680
693
681
681
728
756
756
773
800
800
776
776
782
777
777
760
744
744
755
745
745
737
728
728
743
741
741
729
718
718
701
718
723
723
739
735
735
762
784
784
749
815
815
802
802
826
808
808
809
809
828
824
824
799
799
818
820
820
798
800
800
813
813
836
813
813
840
840
856
834
834
817
817
836
817
817
806
806
831
830
830
813
813
837
860
860
853
853
819
837
837
822
822
799
780
780
792
805
805
787
787
802
826
826
857
857
822
851
851
856
856
842
820
820
831
831
837
814
814
838
838
860
855
855
842
842
872
872
882
846
846
862
862
870
849
849
839
839
854
854
813
823
823
817
823
823
798
798
815
818
818
808
793
793
816
816
819
770
770
787
799
799
704
725
725
755
729
729
741
761
761
765
754
754
787
763
763
783
764
764
751
727
727
732
727
727
722
742
742
724
726
726
744
719
741
741
738
729
729
739
737
737
735
748
748
753
769
769
797
797
802
775
775
788
772
772
760
748
748
724
755
755
705
729
729
727
746
743
743
743
768
768
777
777
791
807
807
785
802
802
802
802
808
793
793
817
817
826
840
840
825
825
830
838
838
822
822
819
832
832
821
821
823
834
834
833
833
813
837
837
847
847
841
811
811
833
828
828
805
805
794
815
815
820
820
824
800
800
814
820
820
814
814
800
824
824
833
833
822
821
821
819
819
791
802
802
805
771
771
796
785
785
792
792
802
818
818
802
827
827
839
839
824
821
821
850
850
829
829
819
841
841
829
806
806
828
828
813
792
792
813
813
783
813
813
822
799
799
813
813
827
832
832
803
803
817
827
827
811
796
796
814
814
807
785
785
800
806
806
803
803
790
813
813
832
832
818
814
814
833
832
832
805
805
813
806
806
798
798
773
779
779
788
792
792
772
791
791
803
812
812
797
797
811
831
831
818
818
793
813
813
806
792
792
770
770
780
784
784
772
769
769
792
807
807
794
794
798
825
825
834
834
806
817
817
825
814
814
790
790
802
797
797
770
763
763
752
745
745
729
717
717
708
718
717
717
737
732
732
731
731
731
773
753
753
762
742
742
755
766
766
755
769
769
793
793
813
790
790
827
845
845
825
825
828
828
876
891
891
849
849
864
864
874
859
859
832
832
859
867
867
835
835
844
844
848
842
842
813
829
829
827
827
807
802
802
824
824
822
798
798
815
796
796
795
795
788
795
795
787
822
822
836
836
811
821
821
839
839
836
811
811
838
838
847
824
824
824
824
857
876
876
845
845
871
871
883
855
855
841
841
864
864
868
832
832
857
857
865
857
857
836
836
866
873
873
841
841
866
866
874
910
910
752
752
838
839
839
809
809
824
843
843
827
827
810
848
848
853
853
822
839
839
853
853
828
816
816
840
840
851
810
810
819
819
831
813
813
800
823
823
835
835
816
828
828
857
857
860
860
828
844
844
852
852
827
826
826
851
851
848
841
841
837
837
862
825
825
833
833
842
816
816
803
803
825
828
828
802
828
828
842
842
821
812
812
841
841
850
823
823
820
820
842
831
831
809
809
845
865
865
835
835
854
854
883
848
848
862
862
859
833
833
848
848
799
806
806
791
791
775
809
809
717
772
772
778
772
772
766
796
796
819
802
802
806
806
845
848
848
816
816
834
833
833
808
808
794
821
821
838
838
827
816
816
866
866
890
858
858
856
856
884
884
878
841
841
861
861
865
865
852
826
826
847
847
864
871
871
840
840
853
919
919
866
866
843
843
873
873
853
837
837
872
872
894
872
872
865
865
906
906
908
908
870
884
884
891
891
856
856
870
896
896
890
890
854
854
888
904
904
868
868
859
859
895
908
908
883
883
897
897
918
918
934
934
888
915
915
936
936
912
912
875
875
896
909
909
886
886
867
867
900
900
928
898
898
874
874
925
925
943
943
919
919
878
897
897
870
870
839
868
868
884
884
851
851
858
880
880
887
887
848
848
871
877
877
849
849
832
866
866
877
877
843
843
848
868
868
868
868
861
835
835
878
878
868
868
861
906
906
929
929
896
896
912
912
942
942
940
940
898
925
925
927
927
890
890
894
894
926
925
925
889
889
924
924
936
936
904
904
892
917
917
928
928
891
891
920
920
932
932
905
875
875
901
901
925
925
902
902
907
921
921
933
933
887
887
910
910
921
921
883
869
869
910
910
926
926
887
879
879
928
928
945
945
889
889
885
912
912
916
916
880
880
910
910
933
933
919
872
872
918
918
945
945
907
907
866
886
886
824
824
829
820
820
821
821
814
803
803
829
738
738
781
765
765
766
786
786
792
792
774
804
804
822
813
813
800
800
829
840
840
804
804
800
817
817
804
785
785
810
810
813
796
796
798
833
833
847
847
818
813
813
837
837
828
804
804
803
803
829
852
852
837
837
815
844
844
864
864
838
835
835
843
843
852
852
826
817
817
852
852
866
858
858
863
863
902
902
932
895
895
917
917
950
950
936
936
901
901
932
932
941
941
900
909
909
932
932
929
929
887
887
883
902
902
884
884
851
851
883
889
889
841
841
839
862
862
859
859
863
863
814
858
858
833
833
816
838
838
841
841
809
813
813
830
834
834
803
803
825
842
842
831
831
809
841
841
851
851
845
822
822
848
848
857
845
845
834
834
880
880
898
879
879
872
872
901
901
913
913
870
886
886
904
904
891
891
856
880
880
912
912
908
908
872
872
889
900
900
902
902
859
859
885
904
904
896
896
864
864
909
909
925
914
914
881
881
899
899
912
912
883
839
839
860
860
859
834
834
808
808
822
816
816
787
796
796
825
825
828
814
814
862
862
894
894
857
860
860
852
852
856
830
830
822
822
772
771
771
763
756
756
740
743
743
758
759
759
750
764
764
782
759
759
747
757
757
758
754
754
743
730
730
718
716
725
725
726
722
722
753
783
783
788
788
776
811
811
830
795
795
789
789
812
805
805
773
760
760
783
761
761
811
811
853
843
843
825
825
863
863
867
827
827
826
826
839
851
851
829
829
818
842
842
856
856
837
833
833
854
854
856
825
825
855
855
870
870
847
841
841
869
869
871
842
842
876
876
892
892
850
870
870
887
887
905
905
869
876
876
881
881
845
845
825
850
850
841
841
809
841
841
849
849
792
794
794
779
762
762
763
779
779
774
766
766
779
788
788
785
785
783
807
807
801
806
806
788
788
771
757
757
769
788
788
767
769
769
805
807
807
796
796
790
813
813
814
789
789
797
797
816
791
791
773
790
790
791
791
771
754
754
758
761
761
759
755
755
762
779
779
770
767
767
798
815
815
789
789
802
819
819
805
791
791
813
813
819
795
795
802
802
814
799
799
796
823
823
802
802
786
805
805
805
785
785
798
798
806
800
800
775
813
813
819
819
787
810
810
818
781
781
777
786
786
777
777
763
781
781
798
788
788
795
843
843
871
871
833
833
838
850
850
812
812
810
847
847
824
824
832
876
876
854
854
825
853
853
854
854
813
830
830
864
864
822
820
820
833
833
869
869
820
859
859
855
855
817
824
824
827
827
793
783
783
784
771
771
765
785
785
795
788
788
802
802
829
808
808
794
804
804
811
811
787
804
804
813
800
800
785
785
793
795
795
777
790
790
815
815
794
784
784
790
785
785
766
774
774
781
759
759
753
763
763
755
744
744
735
729
729
740
763
763
779
757
757
763
780
780
776
776
758
772
772
775
769
769
772
815
815
862
862
851
833
833
875
875
887
887
840
855
855
856
856
810
828
828
819
819
799
772
772
776
782
782
779
771
771
843
843
796
843
843
809
809
837
854
854
825
825
800
824
824
834
834
809
797
797
818
841
841
814
814
804
839
839
855
855
829
815
815
853
853
862
862
834
837
837
864
864
861
835
835
841
841
859
857
857
828
828
856
875
875
855
855
838
838
874
888
888
850
850
876
876
891
862
862
845
845
875
875
890
863
863
852
852
876
876
879
844
844
849
849
865
862
862
834
834
857
857
875
851
851
838
838
884
905
905
881
881
867
867
877
877
873
829
829
828
828
817
802
802
781
796
796
798
800
800
808
808
771
769
769
790
791
791
776
792
792
812
812
810
787
787
809
812
812
799
799
778
801
801
805
787
787
783
807
807
806
806
783
795
795
810
824
824
796
796
803
821
821
835
835
808
815
815
841
841
839
806
806
827
827
849
835
835
809
809
824
850
850
804
804
792
818
818
825
810
810
806
806
834
841
841
813
813
819
833
833
833
833
805
822
822
828
814
814
798
798
822
824
824
795
795
824
834
834
837
837
809
835
835
828
828
805
788
788
800
810
810
792
796
796
823
823
830
809
809
829
829
827
816
816
798
798
826
829
829
815
798
798
815
815
815
790
790
797
821
821
827
827
812
843
843
867
867
853
853
836
860
860
871
871
835
843
843
846
846
835
809
809
831
831
834
812
812
798
798
815
822
822
800
813
813
835
835
825
964
964
668
668
827
808
808
821
821
828
808
808
792
813
813
810
810
792
813
813
831
831
813
817
817
847
852
852
811
811
823
820
820
789
789
794
804
804
821
807
807
853
853
869
869
838
839
839
849
849
831
811
811
832
832
823
799
799
802
811
811
814
814
775
809
809
819
812
812
832
832
861
861
834
832
832
862
862
859
827
827
854
854
849
819
819
828
828
849
849
849
828
828
863
884
884
857
857
868
868
885
885
868
829
829
851
851
863
864
864
857
857
910
910
944
944
911
880
880
923
923
898
898
898
898
891
902
902
870
870
834
834
847
848
848
823
819
819
828
828
813
804
804
819
819
821
826
826
797
811
811
817
817
803
797
797
816
816
817
797
797
786
806
806
810
810
790
785
785
798
803
803
780
789
789
812
812
837
811
811
808
808
910
861
861
839
839
874
874
886
849
849
864
864
873
873
849
837
837
879
879
901
901
867
885
885
917
917
913
913
872
872
898
907
907
865
865
871
871
897
916
916
877
877
900
900
922
922
905
905
877
928
928
939
939
907
907
860
860
894
897
897
839
839
842
854
854
849
849
823
852
852
875
875
833
839
839
851
851
819
795
795
794
794
779
757
757
772
785
785
787
774
774
805
829
829
820
820
810
851
851
876
876
836
836
824
850
850
849
849
817
837
837
861
861
850
824
824
863
863
896
896
862
834
834
877
877
890
890
837
855
855
882
882
856
853
853
891
891
875
875
845
877
877
887
887
848
848
863
887
887
900
900
860
860
890
904
904
880
880
849
849
897
899
899
865
865
910
910
938
938
906
906
868
892
892
873
873
831
834
834
979
979
661
798
798
826
840
840
818
818
854
824
824
770
770
795
771
771
759
753
753
754
750
750
741
734
734
722
729
729
729
718
723
723
742
766
766
750
764
764
787
804
804
810
810
776
788
788
788
799
799
774
774
765
771
771
779
783
783
758
773
773
790
792
792
771
771
784
788
788
786
761
761
770
777
777
790
771
771
788
788
777
769
769
751
744
744
745
761
761
783
773
773
771
795
795
803
803
784
802
802
813
790
790
799
799
815
802
802
805
833
833
839
839
809
830
830
824
824
788
897
897
684
769
769
777
793
793
789
789
780
806
806
813
794
794
803
803
791
771
771
776
772
772
777
754
754
756
760
760
763
748
748
765
769
769
759
779
779
794
794
780
773
773
805
808
808
783
783
784
800
800
796
769
769
777
798
798
816
816
794
830
830
871
871
849
823
823
856
856
874
874
823
857
857
852
852
793
807
807
805
789
789
746
763
763
759
762
762
764
771
771
750
767
767
784
784
793
777
777
816
854
854
821
821
824
845
845
837
837
807
841
841
853
853
828
828
830
846
846
834
834
825
850
850
847
847
814
827
827
827
827
811
800
800
822
805
805
780
743
743
752
748
748
768
765
765
752
786
786
819
819
820
802
802
845
845
870
833
833
817
817
851
845
845
809
809
835
861
861
849
849
822
822
855
879
879
876
876
848
848
886
890
890
854
854
853
870
870
870
870
839
839
867
879
879
869
869
843
843
885
899
899
866
866
878
878
896
858
858
873
873
870
870
831
822
822
821
821
832
821
821
839
872
872
871
871
837
837
863
857
857
818
818
826
836
836
835
835
811
831
831
877
877
856
842
842
870
870
884
884
845
866
866
874
874
867
867
846
859
859
860
860
837
864
864
863
863
836
836
862
864
864
839
839
853
848
848
820
820
828
834
834
823
823
815
865
865
886
886
838
856
856
858
858
820
820
829
807
807
831
714
714
775
802
802
806
807
807
793
793
780
801
801
814
798
798
805
805
834
846
846
816
816
850
872
872
840
840
857
857
881
853
853
853
853
868
868
864
825
825
851
851
853
833
833
869
869
872
872
844
871
871
882
882
845
859
859
870
870
861
861
812
853
853
842
842
825
856
856
873
873
836
852
852
863
863
844
832
832
853
853
835
787
787
798
798
798
774
774
778
776
776
776
763
763
761
746
746
725
723
723
720
736
736
758
761
761
771
792
792
816
780
780
817
817
806
782
782
762
782
782
729
741
741
739
751
751
774
790
790
769
772
772
822
822
873
879
879
825
825
812
812
855
869
869
895
895
851
851
824
854
854
866
866
883
848
848
860
860
888
888
909
909
878
848
848
871
871
896
896
905
863
863
858
858
868
874
874
872
872
836
836
875
882
882
867
867
846
846
886
898
898
872
872
850
850
885
895
895
896
896
827
827
811
809
809
784
789
789
813
813
813
798
798
814
799
799
790
773
773
789
789
786
804
804
813
809
809
802
802
818
825
825
812
812
819
821
821
822
807
807
838
838
850
827
827
854
854
857
857
853
838
838
860
860
872
841
841
857
857
878
878
863
842
842
876
876
879
879
853
882
882
899
899
866
866
870
884
884
845
845
885
885
892
857
857
884
884
891
891
843
870
870
902
902
919
919
884
887
887
971
971
870
870
884
884
869
838
838
832
832
833
821
821
817
817
850
873
873
853
853
874
874
886
864
864
872
872
890
890
886
858
858
865
865
835
808
808
792
792
777
791
791
813
800
800
804
819
819
807
807
779
793
793
802
796
796
783
783
795
872
872
835
835
800
799
799
796
795
795
795
795
799
804
804
783
800
800
819
819
848
830
830
838
838
855
897
897
878
878
914
914
945
945
929
929
906
906
931
926
926
880
880
891
891
890
890
847
858
858
864
864
843
870
870
896
896
891
891
878
932
932
921
921
899
899
920
920
890
890
862
880
880
849
849
830
851
851
855
855
824
854
854
868
868
854
854
829
871
871
877
877
845
853
853
863
863
841
821
821
831
831
829
812
812
788
788
766
748
749
749
777
820
820
843
843
833
833
872
905
905
917
917
872
872
911
911
893
893
848
797
797
815
778
778
744
729
729
718
709
697
697
692
695
703
703
719
751
751
763
771
771
768
768
789
813
813
845
845
839
816
816
796
776
776
751
754
754
747
745
745
737
744
744
761
784
784
805
805
772
836
836
851
851
874
836
836
848
848
861
861
849
817
817
838
838
846
840
840
819
819
851
857
857
831
831
847
856
856
853
853
840
854
854
853
853
827
827
848
853
853
830
830
842
857
857
831
831
832
851
851
837
837
813
830
830
814
814
793
1002
1002
614
792
792
800
806
806
786
786
810
830
830
812
812
836
854
854
833
833
829
834
834
819
819
790
798
798
802
778
778
788
813
813
808
808
798
821
821
840
840
801
824
824
847
847
821
837
837
856
856
834
835
835
867
867
853
853
845
845
845
882
882
834
855
855
858
858
837
876
876
885
885
857
857
881
898
898
861
861
883
883
888
888
858
897
897
891
891
858
858
882
884
884
852
852
861
861
879
836
836
824
824
848
859
859
852
852
852
826
826
813
813
824
828
828
800
816
816
822
822
818
797
797
809
809
813
793
793
819
837
837
813
813
827
852
852
844
844
819
841
841
841
841
813
825
825
825
825
809
788
788
810
819
819
806
806
805
827
827
824
824
802
822
822
826
826
808
829
829
830
796
796
803
803
786
777
777
755
787
787
675
731
731
738
740
753
753
753
748
748
767
767
796
792
792
776
799
799
784
768
768
777
777
777
754
754
751
748
748
729
736
752
752
775
775
775
775
775
751
756
756
756
758
758
738
749
749
764
774
774
765
787
787
789
790
790
827
827
861
861
781
808
808
820
816
816
788
788
805
809
809
789
783
783
805
805
795
787
787
819
830
830
822
822
836
862
862
864
864
838
838
869
896
896
863
863
865
865
886
865
865
849
849
869
869
851
820
820
834
834
834
809
809
812
819
819
810
810
791
938
938
721
805
805
823
823
826
795
795
804
804
819
801
801
786
808
808
813
813
792
810
810
812
790
790
802
802
824
817
817
804
828
828
840
840
818
826
826
846
846
839
839
823
849
849
847
847
841
876
876
856
856
844
866
866
850
850
838
838
848
882
882
836
836
861
858
858
824
824
848
847
847
822
822
856
856
860
840
840
852
852
858
826
826
827
827
832
805
805
783
788
788
802
802
810
792
792
822
837
837
836
836
814
834
834
844
844
837
812
812
813
813
797
776
776
779
792
792
787
773
773
813
813
826
794
794
813
813
834
829
829
803
803
816
832
832
815
791
791
815
815
819
826
826
825
825
833
830
830
815
815
803
809
809
818
802
802
811
811
790
766
766
772
757
757
742
737
737
732
737
737
755
784
784
772
779
779
817
779
779
831
831
832
869
869
846
846
823
823
862
863
863
836
836
872
898
898
915
915
880
880
923
923
950
950
931
931
877
913
913
920
920
896
896
870
870
897
911
911
871
871
897
897
910
910
901
869
869
905
905
909
909
858
886
886
903
903
867
867
1085
1085
709
908
908
883
883
909
909
904
866
866
875
875
862
862
828
832
832
846
846
833
847
847
896
896
907
907
881
925
925
915
915
868
868
882
882
871
829
829
832
832
828
817
817
794
820
820
847
847
846
853
853
896
896
887
887
855
883
883
865
865
878
878
857
866
866
854
854
818
844
844
854
854
831
831
849
874
874
869
869
851
871
871
856
856
813
816
816
816
816
800
795
795
830
830
850
831
831
852
852
873
843
843
815
815
806
813
813
796
778
778
755
749
749
746
750
750
732
759
759
743
783
783
773
783
783
818
818
824
801
801
814
814
821
806
806
786
800
800
804
804
793
778
778
801
810
810
799
799
809
853
853
853
853
832
856
856
880
880
845
845
836
855
855
850
850
832
851
851
852
852
836
818
818
852
852
863
840
840
845
845
828
861
861
837
837
838
838
853
841
841
810
810
826
840
840
809
813
813
833
833
802
800
800
821
821
812
790
790
823
837
837
822
822
812
850
850
860
860
822
830
830
840
840
824
798
798
817
817
816
795
795
794
817
817
821
821
803
811
811
847
847
831
809
809
849
849
871
837
837
855
855
864
864
830
816
816
828
814
814
791
791
811
809
809
786
802
802
822
822
811
795
795
822
822
811
791
791
783
793
793
782
767
767
744
731
731
728
717
717
716
721
723
723
711
725
725
742
729
729
775
761
761
787
791
791
774
774
791
813
813
809
809
790
831
831
844
844
818
812
812
840
848
848
816
816
810
826
826
831
831
805
820
820
833
833
811
787
787
812
811
811
784
784
790
808
808
819
790
790
795
795
807
790
790
780
806
806
797
797
827
815
815
846
846
824
816
816
855
855
842
807
807
828
828
833
810
810
800
822
822
822
822
807
829
829
844
844
821
829
829
857
857
854
813
813
826
826
834
812
812
805
805
834
839
839
814
814
792
815
815
844
830
830
829
829
788
789
789
810
810
781
769
769
797
824
824
819
811
811
858
858
886
886
839
853
853
860
860
834
810
810
830
830
838
809
809
817
817
847
860
860
836
836
866
881
881
850
850
817
817
832
848
848
831
831
824
865
865
857
857
828
848
848
876
876
872
872
838
965
965
779
779
873
873
852
896
896
917
917
899
899
855
896
896
896
896
858
858
842
871
871
878
878
840
840
851
879
879
877
877
839
869
869
889
889
857
857
845
889
889
901
901
847
847
865
880
880
859
859
837
880
880
896
896
872
872
840
864
864
759
759
813
791
791
766
756
756
767
793
793
806
830
830
792
792
781
803
803
813
813
777
763
763
781
783
783
780
771
771
772
803
803
827
827
811
805
805
840
840
852
824
824
770
764
764
779
779
729
723
716
716
716
708
708
706
706
703
703
717
670
682
682
707
739
739
780
769
769
801
801
852
861
861
842
842
839
839
866
874
874
829
829
810
817
817
817
817
809
782
782
804
828
828
831
831
813
850
850
867
867
845
816
816
840
840
846
813
813
811
811
813
809
809
784
800
800
819
819
811
821
821
839
839
854
840
840
828
828
853
854
854
821
821
838
845
845
817
817
825
849
849
862
862
832
832
858
879
879
855
855
878
878
897
885
885
846
846
873
873
874
842
842
852
852
860
844
844
832
832
849
839
839
819
819
836
832
832
837
837
770
807
807
795
773
773
790
804
804
785
785
791
815
815
805
781
781
799
799
789
773
773
776
794
794
789
764
764
780
795
795
784
784
789
809
809
815
815
790
823
823
830
803
803
811
811
832
823
823
801
801
819
817
817
792
763
763
740
783
783
748
777
777
771
801
801
830
830
791
787
787
801
801
811
779
779
798
811
811
794
794
779
809
809
815
791
791
787
808
808
803
803
773
790
790
809
792
792
775
775
792
785
785
754
763
763
776
780
780
763
783
783
806
806
788
768
768
784
780
780
770
745
745
760
766
766
758
740
740
749
752
752
735
719
719
724
721
721
714
706
714
714
731
740
740
722
733
733
736
719
719
706
711
716
716
706
699
699
705
714
714
714
705
709
709
720
732
732
717
716
724
724
728
710
710
714
730
730
745
727
727
737
737
737
735
715
711
711
721
721
721
711
711
711
725
737
737
730
735
762
762
771
771
750
771
771
791
774
774
755
768
768
776
748
748
734
752
752
752
734
734
732
752
752
767
753
753
757
786
786
806
806
768
757
757
773
762
762
738
760
760
667
696
693
693
694
709
712
712
718
754
754
781
750
750
739
748
748
763
759
759
740
746
746
774
774
797
789
789
770
786
786
816
816
805
771
771
776
799
799
813
789
789
767
767
793
810
810
792
770
770
786
792
792
774
774
764
782
782
823
789
789
780
796
796
817
817
806
779
779
802
802
798
780
780
756
768
768
785
791
791
770
795
795
821
821
800
783
783
821
817
817
788
788
798
821
821
847
847
825
855
855
896
896
890
890
850
889
889
900
900
855
855
876
883
883
853
853
821
821
836
846
846
826
826
823
859
859
864
864
832
866
866
889
889
849
849
844
865
865
841
841
805
813
813
813
792
792
779
804
804
813
813
792
805
805
825
825
814
789
789
807
814
814
796
796
793
819
819
817
791
791
797
797
798
780
780
774
790
790
838
838
799
827
827
855
855
851
823
823
856
856
854
812
812
821
821
821
801
801
787
794
794
780
780
758
764
764
772
797
797
841
844
844
816
816
846
851
851
816
816
820
835
835
831
831
809
842
842
841
841
816
813
813
833
833
823
802
802
819
819
835
814
814
809
839
839
841
841
828
828
816
789
789
806
808
808
788
783
783
814
814
820
797
797
824
824
838
811
811
811
835
835
825
825
803
828
828
823
823
803
811
811
827
827
808
795
795
819
843
843
810
810
812
831
831
822
822
800
814
814
816
816
779
783
783
780
771
771
749
764
764
766
783
783
829
845
845
816
816
840
840
859
845
845
810
810
828
829
829
809
809
797
820
820
822
804
804
812
812
828
803
803
813
839
839
849
849
826
826
863
883
883
870
870
836
836
854
850
850
817
817
831
843
843
813
813
820
856
856
843
843
815
861
861
860
860
827
846
846
852
852
815
805
805
821
821
817
790
790
798
806
806
794
780
780
797
797
810
797
797
783
804
804
804
804
778
765
765
781
771
771
759
775
775
791
781
781
779
809
809
814
814
794
799
799
809
809
801
789
789
777
754
754
738
742
742
750
740
740
735
758
758
782
785
785
766
785
785
810
810
801
774
774
779
788
788
780
757
757
775
781
781
771
771
754
768
768
781
776
776
765
785
785
804
807
807
781
781
786
860
860
814
814
820
845
845
854
854
824
848
848
854
854
822
810
810
815
815
811
787
787
798
808
808
797
797
791
826
826
845
845
810
813
813
817
814
814
783
783
786
786
786
764
755
755
774
790
790
799
795
795
838
838
855
855
831
859
859
828
828
885
832
832
847
847
833
798
798
812
812
800
777
777
787
802
802
790
792
792
830
830
831
813
813
835
835
839
814
814
825
825
857
853
853
818
818
831
845
845
818
818
801
823
823
826
826
818
817
817
835
835
834
810
810
851
851
870
840
840
848
848
850
805
805
810
810
803
799
799
780
785
785
788
792
792
779
779
804
826
826
843
843
822
804
804
784
834
834
798
798
797
776
776
771
741
741
739
739
739
741
726
743
743
755
765
765
751
751
771
790
790
809
775
775
786
804
804
784
784
829
793
793
815
815
814
783
783
789
805
805
806
806
788
770
770
793
813
813
823
823
798
825
825
841
841
824
800
800
820
821
821
808
808
789
821
821
816
816
800
813
813
822
816
816
802
802
818
823
823
797
813
813
836
836
821
820
820
818
818
907
907
843
837
837
843
843
835
805
805
820
820
816
801
801
796
813
813
815
815
797
829
829
837
837
824
843
843
848
848
818
828
828
842
842
823
806
806
818
814
814
786
786
795
802
802
789
777
777
803
826
826
813
813
824
846
846
838
838
824
824
854
849
849
816
816
828
831
831
799
800
800
815
815
810
786
786
807
816
816
804
804
803
833
833
828
828
804
815
815
822
822
808
794
794
826
843
843
821
821
846
876
876
867
867
845
845
865
862
862
829
829
848
866
866
848
848
864
864
854
876
876
846
846
885
885
904
867
867
918
918
933
933
899
899
888
923
923
932
932
877
877
899
899
901
901
853
862
862
892
892
866
837
837
862
862
853
853
827
859
859
870
870
840
861
861
883
883
854
834
834
862
862
856
856
823
826
826
831
823
823
789
789
822
818
818
796
796
801
825
825
831
808
808
842
842
854
824
824
844
844
868
868
863
826
826
852
852
849
819
819
819
819
838
823
823
808
808
832
832
832
799
807
807
794
794
774
758
758
778
777
777
825
851
851
826
826
796
809
809
822
822
809
799
799
785
765
765
771
773
773
776
776
767
793
793
824
825
825
815
815
854
874
874
844
844
860
860
874
868
868
842
842
864
864
860
820
820
848
848
850
820
820
824
824
845
845
845
828
828
889
905
905
875
875
897
897
906
906
882
872
872
896
896
882
882
857
885
885
895
895
863
863
868
890
890
901
901
884
884
927
927
966
966
934
934
910
926
926
896
896
863
863
906
938
938
910
910
937
937
959
959
927
927
927
927
957
957
924
924
882
893
893
898
898
850
873
873
889
889
841
841
854
890
890
868
868
841
866
866
832
832
807
813
813
786
786
761
737
748
748
770
795
795
771
771
793
823
823
827
827
795
816
816
831
818
818
795
795
814
822
822
813
813
799
828
828
845
845
842
816
816
848
848
862
848
848
818
818
834
841
841
825
825
799
806
806
815
806
806
788
788
802
804
804
789
776
776
803
803
813
790
790
791
822
822
828
828
798
808
808
814
804
804
791
791
779
756
756
760
763
763
759
749
749
769
800
800
840
840
801
818
818
833
833
818
803
803
824
812
812
785
785
799
813
813
795
790
790
823
823
847
813
813
821
821
847
847
847
824
824
846
854
854
840
840
817
842
842
854
854
841
841
825
862
862
878
878
846
827
827
862
862
859
819
819
814
814
830
824
824
794
794
789
804
804
810
790
790
806
806
807
847
847
818
821
821
845
845
840
840
803
812
812
832
813
813
798
798
821
831
831
809
809
793
823
823
838
822
822
805
805
826
824
824
799
799
792
801
801
801
777
777
770
784
784
782
782
768
774
774
797
819
819
798
796
796
825
825
802
813
813
793
793
802
788
788
766
771
771
794
807
807
795
795
813
844
844
828
828
804
826
826
836
836
816
796
796
820
816
816
791
791
788
793
793
789
763
763
763
779
779
789
788
788
798
798
807
788
788
759
763
763
752
775
775
796
786
786
780
780
757
780
780
766
747
747
763
777
777
786
775
775
789
824
824
833
833
807
818
818
845
845
836
836
805
819
819
823
803
803
783
783
794
803
803
787
805
805
839
839
845
815
815
809
809
886
869
869
807
807
805
789
789
776
768
768
749
784
784
668
732
732
740
726
726
717
737
745
745
728
732
732
753
772
772
768
748
748
770
743
743
755
745
745
736
732
732
717
711
711
714
718
718
723
727
758
758
784
784
778
751
751
746
753
753
802
777
777
797
812
812
809
809
778
781
781
800
789
789
788
788
808
831
831
852
852
827
858
858
883
883
889
889
855
881
881
874
874
863
863
816
826
826
830
830
815
787
787
815
839
839
856
856
836
866
866
903
903
911
911
859
859
876
896
896
914
914
854
854
884
884
910
898
898
854
854
878
878
880
906
906
851
851
889
889
906
890
890
852
852
886
886
898
898
862
841
841
870
870
879
848
848
831
831
865
896
896
862
862
840
840
878
896
896
880
880
845
845
886
896
896
879
879
847
847
874
885
885
869
869
841
841
872
886
886
859
859
828
835
835
886
886
851
851
829
878
878
908
908
907
907
863
896
896
898
898
855
855
850
861
861
873
873
825
843
843
820
820
787
753
753
776
750
750
722
728
728
735
741
726
726
736
738
738
760
753
753
743
729
729
742
782
782
818
818
818
800
800
785
882
882
805
805
783
807
807
808
808
794
776
776
801
805
805
835
835
817
839
839
872
872
874
874
850
883
883
889
889
849
849
872
891
891
885
885
851
851
870
879
879
862
862
854
854
881
895
895
856
856
873
873
900
876
876
861
861
884
884
876
896
896
894
894
913
913
894
894
869
836
836
827
827
827
812
812
806
810
810
798
798
804
783
783
778
781
781
772
757
757
772
776
776
768
779
779
816
816
825
809
809
820
820
826
832
832
810
810
817
819
819
801
797
797
814
814
818
820
820
813
813
798
815
815
819
803
803
812
812
839
817
817
836
836
843
837
837
808
808
787
786
786
777
800
800
815
815
827
862
862
854
854
833
842
842
848
848
822
839
839
838
838
850
815
815
823
823
825
802
802
817
817
777
806
806
786
785
785
795
860
860
693
819
819
839
839
805
821
821
858
858
861
861
838
887
887
919
919
913
913
895
895
939
939
937
870
870
878
878
883
883
866
846
846
866
866
864
864
835
856
856
859
859
817
816
816
840
827
827
816
816
850
870
870
846
846
833
833
858
846
846
829
829
852
858
858
852
852
827
846
846
846
846
834
813
813
836
836
846
828
828
851
851
879
879
879
837
837
862
862
862
840
840
816
816
843
856
856
825
825
818
828
828
800
800
777
760
760
764
771
771
807
850
850
821
821
824
843
843
1070
1070
564
809
809
817
817
819
797
797
818
839
839
850
850
830
841
841
868
868
861
861
828
858
858
866
866
846
835
835
859
859
876
876
845
845
845
872
872
868
868
841
860
860
870
870
854
831
831
865
865
878
878
848
852
852
875
875
876
864
864
846
846
883
883
846
854
854
878
878
875
875
850
879
879
905
905
874
874
842
876
876
873
873
835
864
864
875
875
854
854
830
870
870
879
879
839
819
819
829
829
839
808
808
802
821
821
828
828
811
793
793
799
799
798
767
767
778
780
780
817
763
763
788
770
770
791
791
798
779
779
767
789
789
793
774
774
781
781
807
816
816
798
819
819
837
837
837
807
807
823
823
830
812
812
794
794
814
841
841
859
859
833
836
836
855
855
867
834
834
838
838
862
862
872
836
836
857
857
871
952
952
700
700
847
847
847
821
821
860
894
894
908
908
866
866
902
902
913
913
893
853
853
886
886
904
904
885
861
861
905
905
928
928
900
900
913
947
947
933
933
883
883
916
916
928
928
892
875
875
905
905
901
901
865
865
909
923
923
903
903
852
852
902
904
904
873
873
835
835
867
878
878
846
846
849
849
884
900
900
855
855
875
875
895
880
880
846
846
865
865
880
870
870
844
844
880
889
889
864
864
859
859
889
892
892
857
857
883
883
894
894
873
868
868
900
900
904
904
871
883
883
938
938
882
882
891
891
898
891
891
862
862
892
892
896
856
856
858
858
866
866
845
821
821
855
855
867
854
854
884
884
924
924
886
864
864
878
878
858
858
821
842
842
849
849
820
827
827
869
869
885
854
854
873
873
896
896
852
864
864
838
838
853
812
812
821
821
841
835
835
821
821
851
873
873
860
860
861
861
891
944
944
936
936
881
881
911
911
909
909
865
879
879
892
892
884
884
844
868
868
839
839
778
771
771
787
762
762
754
766
766
776
769
769
748
743
743
746
760
760
746
753
753
786
819
819
800
800
830
880
880
914
914
849
849
876
876
893
854
854
842
842
873
885
885
851
851
860
860
891
911
911
878
878
886
886
914
914
918
918
863
898
898
925
925
899
899
874
904
904
918
918
887
887
904
904
920
920
897
902
902
902
902
928
928
905
905
917
917
942
927
927
905
905
938
938
927
927
877
877
896
875
875
834
834
834
810
810
797
783
783
796
796
823
869
869
881
881
841
878
878
896
896
883
883
865
865
888
890
890
861
861
842
861
861
863
863
833
833
855
905
905
889
889
858
858
913
893
893
897
897
913
913
908
908
865
885
885
882
882
817
817
826
790
790
771
754
754
739
734
734
735
751
778
778
790
790
772
813
813
842
842
847
819
819
861
861
864
836
836
861
861
891
891
894
862
862
888
888
869
869
892
892
873
889
889
873
873
851
883
883
897
897
851
851
875
875
914
897
897
855
855
899
899
901
864
864
869
869
896
896
889
889
847
883
883
907
907
875
875
877
908
908
882
882
867
867
903
900
900
858
858
889
889
886
840
840
856
856
868
868
858
840
840
878
878
896
896
861
889
889
895
895
867
867
841
861
861
850
850
815
831
831
846
846
840
828
828
858
858
861
830
830
849
849
867
845
845
822
822
853
860
860
833
833
841
862
862
839
839
822
822
856
857
857
824
824
840
841
841
835
835
815
855
855
876
876
850
869
869
894
894
860
860
842
871
871
860
860
828
828
854
866
866
831
831
822
847
847
850
850
828
854
854
879
879
859
859
843
886
886
891
891
859
886
886
904
904
888
888
855
855
885
899
899
869
869
873
873
878
869
869
857
857
835
812
812
820
820
807
793
793
771
779
779
772
805
805
820
820
813
812
812
857
857
877
841
841
880
880
907
907
903
903
894
938
938
939
939
886
886
918
918
927
927
901
901
896
934
934
909
909
874
874
912
912
911
866
866
1094
1094
696
696
862
877
877
899
899
871
871
848
870
870
861
861
826
888
888
876
876
835
835
825
858
858
859
859
829
864
864
881
881
854
854
834
868
868
888
888
850
876
876
894
894
881
881
873
873
921
910
910
865
865
897
897
904
904
875
888
888
966
966
896
896
922
922
968
968
922
922
881
838
838
863
863
872
861
861
861
861
813
814
814
816
816
824
798
798
825
853
853
854
854
855
855
907
915
915
872
872
921
921
938
938
882
882
879
922
922
915
915
868
868
887
914
914
891
891
896
896
887
887
968
968
884
883
883
854
854
873
873
856
853
853
872
872
906
906
907
867
867
849
849
841
803
803
768
767
767
756
761
761
784
773
773
773
773
823
847
847
822
822
861
880
880
848
848
845
845
884
858
858
828
828
837
832
832
801
801
831
834
834
841
841
823
866
866
850
850
819
795
795
779
798
798
814
814
793
771
771
782
782
782
772
755
755
770
780
780
776
776
761
804
804
844
824
824
830
830
851
820
820
787
787
802
800
800
775
771
771
785
802
802
781
781
791
817
817
799
777
777
795
795
796
774
774
768
791
791
813
804
804
800
800
828
819
819
783
783
788
776
776
750
727
727
729
724
740
740
762
771
771
754
779
779
808
808
800
774
774
750
726
726
719
722
722
740
772
772
783
766
766
800
809
809
792
792
783
782
782
856
856
795
795
795
825
837
837
811
811
818
846
846
837
837
801
835
835
850
850
820
833
833
876
876
864
864
833
869
869
864
864
838
825
825
843
843
828
798
798
826
826
850
819
819
811
831
831
828
828
802
843
843
874
874
847
847
854
844
844
879
879
822
851
851
843
843
809
824
824
819
819
812
801
801
788
765
765
774
772
772
774
762
762
784
784
807
795
795
780
807
807
818
818
792
804
804
840
840
839
811
811
824
800
800
777
777
750
760
760
747
754
754
782
791
791
778
804
804
675
979
979
801
801
798
771
771
761
750
750
733
729
729
740
771
771
819
784
784
775
775
771
758
758
748
741
741
762
791
791
768
777
777
781
791
791
775
775
757
779
779
790
772
772
762
778
778
771
776
776
747
777
777
757
781
781
821
821
834
808
808
844
844
879
879
882
855
855
901
901
906
906
862
873
873
886
886
854
854
826
866
866
884
884
854
854
842
875
875
880
880
839
866
866
892
892
869
869
882
927
927
897
897
853
853
879
879
872
827
827
853
853
865
839
839
834
834
858
853
853
832
832
848
826
826
776
776
773
782
782
785
779
779
811
861
861
850
850
874
874
936
936
927
927
879
899
899
894
894
846
846
826
832
832
818
783
783
804
804
815
813
813
800
818
818
833
833
814
805
805
837
837
837
803
803
809
817
817
816
816
815
783
783
799
802
802
775
775
771
786
786
787
762
762
773
800
800
802
802
777
801
801
818
791
791
780
790
790
795
795
775
745
745
739
732
732
737
755
755
766
747
747
773
785
785
771
769
769
804
829
829
805
805
819
836
836
822
822
824
850
850
836
836
814
836
836
840
840
811
816
816
832
832
825
801
801
823
823
825
807
807
792
823
823
813
813
795
822
822
842
842
831
811
811
837
837
851
815
815
813
813
828
800
800
766
740
740
731
743
743
753
767
767
795
773
773
771
782
782
774
783
783
785
785
810
825
825
802
802
844
858
858
834
834
838
843
843
826
826
803
826
826
832
832
807
813
813
840
840
835
826
826
850
850
862
821
821
835
835
835
814
814
789
799
799
792
792
777
763
763
749
751
751
754
776
776
801
794
794
782
804
804
809
809
781
775
775
789
787
787
766
778
778
799
799
798
784
784
808
816
816
802
802
790
816
816
817
786
786
765
765
750
733
746
746
749
785
785
794
794
803
794
794
771
742
742
730
719
719
722
732
732
751
739
739
744
775
775
797
870
870
699
807
807
797
797
790
822
822
821
821
798
812
812
829
821
821
800
800
822
835
835
813
813
799
807
807
823
823
814
800
800
808
799
799
785
766
766
762
761
761
769
769
752
749
752
752
746
730
730
718
706
706
692
687
683
683
712
707
707
833
792
792
828
828
856
823
823
844
844
860
860
839
824
824
854
854
846
814
814
853
853
870
844
844
856
856
889
889
867
865
865
844
844
878
878
855
828
828
858
858
841
803
803
773
755
755
758
780
780
782
771
771
792
792
818
807
807
779
810
810
810
810
796
783
783
811
823
823
797
797
766
812
812
795
792
792
789
789
793
770
770
750
739
739
732
754
754
771
779
779
770
771
771
801
820
820
822
822
817
858
858
866
866
832
832
813
804
804
775
753
753
729
708
696
696
691
729
729
730
839
839
800
839
839
869
869
830
830
843
859
859
854
854
812
831
831
835
835
831
804
804
835
835
857
835
835
848
848
878
878
869
830
830
854
854
860
824
824
832
832
789
791
791
777
770
770
767
755
755
738
722
722
719
715
715
709
724
730
730
822
822
793
827
827
891
891
903
903
849
863
863
861
861
822
804
804
805
805
804
779
779
791
791
791
795
788
788
777
777
746
736
751
751
766
775
775
761
761
802
822
822
799
813
813
828
828
814
791
791
813
813
828
824
824
806
806
838
818
818
811
816
816
822
822
794
794
794
774
750
750
738
746
746
745
762
762
746
711
711
710
717
699
699
700
701
701
706
705
700
700
691
693
693
709
706
731
731
778
778
813
836
836
824
824
836
848
848
860
860
847
847
810
822
822
824
821
821
822
822
776
814
814
835
835
815
848
848
866
866
838
836
836
840
840
843
814
814
830
830
832
825
825
807
807
830
844
844
821
821
847
862
862
858
858
832
861
861
863
863
826
826
838
843
843
830
830
811
828
828
837
811
811
828
828
843
830
830
831
831
830
831
831
808
808
824
837
837
814
814
829
841
841
827
827
823
850
850
834
834
808
824
824
832
832
806
808
808
826
836
836
819
819
854
866
866
832
832
836
836
847
827
827
822
822
846
850
850
821
821
843
848
848
819
819
825
831
831
823
823
809
839
839
854
854
828
863
863
881
881
860
844
844
864
864
873
873
834
847
847
850
850
824
816
816
824
824
827
805
805
837
848
848
839
839
861
861
868
854
854
820
820
844
859
859
855
855
814
829
829
839
839
818
827
827
825
825
817
826
826
809
809
803
783
783
802
804
804
788
798
798
806
806
783
793
793
818
814
814
789
789
803
795
795
774
779
779
789
789
771
773
773
811
815
815
792
813
813
822
822
794
786
786
798
781
781
766
766
771
779
779
761
775
775
790
784
784
785
781
781
855
855
789
799
799
815
815
797
773
773
793
798
798
773
783
783
788
788
787
773
773
787
805
805
792
781
781
779
779
804
807
807
813
788
788
767
778
778
773
773
753
742
742
720
714
715
715
725
752
752
767
760
760
790
824
824
799
799
799
785
785
845
845
789
819
819
831
799
799
817
817
832
813
813
813
813
836
825
825
798
798
811
813
813
790
804
804
848
848
838
821
821
849
849
825
805
805
824
824
822
792
792
804
811
811
783
783
786
802
802
785
770
770
791
799
799
782
782
802
792
792
854
854
805
825
825
825
794
794
807
807
819
810
810
775
787
787
797
797
782
773
773
800
804
804
781
797
797
814
814
767
766
766
770
762
762
756
755
755
732
732
732
725
711
692
692
698
711
711
710
738
738
779
813
813
793
827
827
780
780
899
899
807
829
829
817
794
794
791
791
816
833
833
811
811
825
847
847
837
837
814
845
845
845
845
816
796
796
821
836
836
813
813
813
847
847
852
852
815
834
834
847
847
832
832
810
833
833
844
819
819
811
811
838
845
845
822
822
838
864
864
839
839
827
858
858
862
862
824
824
843
844
844
811
811
804
823
823
825
812
812
828
828
835
811
811
827
827
825
794
794
811
827
827
796
796
788
803
803
811
811
788
797
797
810
789
789
777
794
794
809
809
781
794
794
821
812
812
803
803
843
853
853
821
821
804
817
817
813
813
790
805
805
821
796
796
807
807
833
827
827
816
816
839
833
833
798
798
803
797
797
761
768
768
771
760
760
761
773
773
757
747
747
729
713
713
723
730
732
732
744
762
762
752
785
785
808
808
813
813
813
856
856
854
854
822
839
839
840
840
808
798
798
812
825
825
806
806
836
879
879
875
875
858
858
885
900
900
854
854
865
865
881
864
864
834
834
858
858
874
859
859
841
841
889
904
904
876
876
890
890
907
907
859
858
858
872
872
835
896
896
762
762
860
818
818
829
829
857
845
845
810
810
826
836
836
795
795
778
760
760
773
778
778
774
774
774
766
743
743
725
724
724
712
709
704
704
703
702
702
698
717
796
796
854
854
899
899
905
905
852
894
894
889
889
831
831
840
848
848
833
833
809
826
826
832
832
801
821
821
821
809
809
811
811
832
840
840
838
838
886
830
830
816
816
878
878
902
916
916
846
846
847
847
879
889
889
838
838
832
865
865
872
872
834
834
853
855
855
831
831
852
867
867
842
842
865
865
879
860
860
852
852
873
850
850
821
821
852
879
879
877
877
838
838
861
847
847
825
825
846
838
838
812
812
837
859
859
816
816
806
830
830
826
826
794
795
795
818
846
846
822
822
821
842
842
849
849
813
797
797
824
824
831
816
816
793
818
818
815
815
819
783
783
814
814
819
800
800
786
812
812
813
813
813
782
782
795
792
792
772
770
770
780
780
785
771
771
779
795
795
783
783
783
793
793
797
776
776
802
812
812
799
799
801
819
819
814
786
786
794
794
776
744
744
744
746
746
740
874
874
654
767
767
762
745
745
729
708
708
708
711
725
725
749
767
767
764
771
771
780
791
791
768
768
782
800
800
804
771
771
796
815
815
813
813
795
827
827
856
856
845
845
839
868
868
878
878
839
855
855
856
856
828
815
815
815
815
811
826
826
794
794
843
824
824
860
860
886
840
840
865
865
841
841
831
857
857
844
844
821
845
845
831
831
801
807
807
814
805
805
777
794
794
799
799
781
816
816
855
855
848
835
835
854
854
848
797
797
782
782
762
757
747
747
765
763
763
772
772
839
804
804
813
813
829
815
815
811
834
834
819
819
806
820
820
840
840
804
803
803
806
806
804
780
780
811
836
836
823
823
853
892
892
857
857
831
831
843
820
820
792
805
805
801
801
786
805
805
808
771
771
782
770
770
751
738
738
727
758
758
655
696
681
681
684
679
668
668
661
660
657
657
650
646
647
645
645
643
647
649
649
649
644
652
652
648
648
650
647
647
648
642
646
646
646
647
653
657
657
666
662
672
672
668
663
653
653
659
650
640
640
641
644
642
642
635
637
642
743
743
667
667
667
667
667
607
607
604
597
594
589
589
585
588
590
589
584
579
579
573
577
577
583
594
601
601
613
626
648
673
673
678
689
689
700
703
688
688
686
672
672
654
646
646
656