691
696
697
709
709
680
688
688
676
668
653
644
644
653
668
690
690
715
718
718
729
735
735
732
729
729
734
742
742
724
719
719
727
708
699
699
715
715
715
713
750
750
746
729
729
740
731
689
689
707
707
707
698
704
706
706
695
696
696
705
710
696
696
673
655
646
646
641
632
620
615
615
607
601
593
587
585
578
578
577
570
567
566
570
566
570
572
572
578
590
605
624
649
649
653
671
671
671
665
673
673
666
655
651
651
637
650
580
597
592
592
586
584
581
575
577
570
568
568
567
565
560
559
555
551
549
548
547
554
554
540
547
550
555
563
571
590
603
603
594
601
605
605
605
613
614
615
617
616
616
605
598
592
591
595
595
595
602
605
604
603
603
603
597
592
598
571
571
570
567
562
558
554
550
542
542
538
536
533
537
537
536
541
545
547
553
560
566
566
579
579
576
584
594
594
590
590
598
598
599
589
590
590
585
585
584
589
595
597
597
601
596
592
589
590
590
589
594
598
600
600
601
601
610
627
606
668
668
630
645
641
641
645
647
638
638
632
626
623
624
624
623
617
615
615
619
619
620
618
616
622
622
631
637
635
632
632
634
652
661
661
656
662
684
684
691
687
671
671
662
665
665
665
661
655
664
664
674
687
678
678
673
693
693
707
685
735
735
700
726
726
738
723
723
713
722
722
727
711
709
709
694
692
692
694
680
666
666
669
676
673
673
672
680
699
699
692
704
704
700
703
692
692
708
708
708
703
689
694
694
689
682
682
665
664
660
676
676
666
662
653
653
659
649
650
650
658
652
651
651
660
592
757
757
684
721
745
745
741
741
751
778
778
774
746
746
746
751
751
735
715
715
726
725
712
712
721
728
728
720
714
714
739
753
753
735
736
736
771
773
773
746
746
746
766
764
764
740
754
754
758
755
755
731
736
736
745
660
674
674
676
688
705
705
700
707
707
729
726
726
750
760
760
737
741
741
721
697
713
713
705
716
716
718
725
725
747
767
767
745
753
753
731
687
687
687
671
683
686
686
676
693
693
698
718
714
714
754
768
768
741
758
758
758
758
742
742
742
721
734
727
727
729
744
744
737
753
753
771
766
766
771
787
787
785
785
766
779
779
785
768
768
756
769
769
779
758
758
773
773
803
777
777
801
815
815
794
794
813
830
830
812
812
794
799
799
784
757
757
777
797
797
793
779
779
786
786
886
805
805
807
807
816
802
802
778
804
804
817
817
806
791
791
810
813
813
785
785
782
802
802
830
808
808
803
803
817
830
830
802
802
813
822
822
831
831
813
830
830
865
865
834
788
788
789
747
747
750
713
713
693
685
671
671
675
684
700
700
626
675
683
683
685
684
704
704
726
735
735
730
755
755
779
790
790
763
763
792
815
815
805
813
813
825
825
810
782
782
803
803
810
785
785
790
808
808
804
804
778
810
810
841
832
832
827
827
872
872
885
838
838
871
871
850
850
847
849
849
767
812
812
791
791
831
896
896
895
895
930
930
962
962
911
911
912
907
907
838
838
836
836
837
813
813
798
813
813
788
800
800
864
864
885
885
851
888
888
906
906
854
854
858
888
888
855
855
852
852
895
911
911
888
888
917
917
937
937
890
890
900
847
847
799
799
803
802
802
812
849
849
857
857
823
853
853
859
859
831
846
846
855
855
822
822
845
870
870
838
838
854
867
867
850
850
827
853
853
833
833
801
828
828
837
837
823
838
838
884
884
889
889
855
895
895
913
913
1163
1163
1163
633
930
889
889
896
896
888
888
856
856
866
883
883
879
879
855
896
896
909
909
873
873
909
909
929
929
896
921
921
932
932
894
894
903
903
916
916
879
906
906
918
918
871
871
900
914
914
873
873
900
900
890
890
842
871
871
861
861
835
859
859
831
831
803
772
772
780
791
791
853
853
905
873
873
892
892
906
906
847
847
855
856
856
813
813
840
859
859
871
871
854
894
894
890
890
861
861
883
883
889
839
839
862
862
889
854
854
859
859
895
895
873
861
861
900
900
894
894
860
889
889
854
854
865
865
896
857
857
871
871
888
888
854
850
850
838
838
790
757
757
742
752
752
786
834
834
811
811
853
870
870
835
835
817
834
834
800
800
1031
1031
918
918
726
708
703
703
703
703
697
697
685
671
693
693
711
723
723
711
785
785
815
801
801
785
785
816
825
825
799
799
772
802
802
822
852
852
811
811
840
851
851
852
852
813
841
841
857
857
849
849
829
869
869
879
879
841
854
854
868
868
847
847
821
830
830
827
827
793
809
809
818
797
797
833
833
849
826
826
810
810
826
800
800
777
787
787
767
754
754
788
813
813
833
833
808
847
847
869
869
836
836
833
850
850
848
848
806
824
824
832
832
810
819
819
823
821
821
801
801
832
846
846
819
819
841
865
865
842
842
814
841
841
838
838
807
820
820
826
826
808
797
797
829
829
832
803
803
846
859
859
824
824
844
844
856
824
824
806
806
829
827
827
797
815
815
824
824
797
816
816
843
843
832
811
811
830
830
833
789
789
800
810
810
792
792
785
793
793
773
745
745
753
738
738
750
804
804
771
787
787
656
934
934
771
771
783
787
787
771
754
754
775
772
772
760
776
776
802
802
812
801
801
831
867
867
854
854
815
815
849
847
847
814
814
830
847
847
836
836
803
828
828
833
833
837
807
807
845
845
867
836
836
867
867
889
889
859
1122
1122
1122
591
857
822
822
849
849
861
837
837
848
848
883
883
877
841
841
872
872
853
853
819
863
863
878
878
845
875
875
897
897
867
867
869
892
892
856
856
874
874
893
858
858
830
830
865
865
862
848
848
894
894
915
915
875
896
896
882
882
871
871
871
886
886
854
854
896
896
904
869
869
899
899
909
909
869
869
902
917
917
883
883
909
909
932
932
888
904
904
916
916
882
882
891
891
924
924
932
880
880
900
900
890
890
834
850
850
842
842
826
840
840
856
856
817
842
842
853
853
815
842
842
854
854
840
828
828
802
802
817
807
807
778
801
801
820
820
803
806
806
842
823
823
822
822
857
857
849
816
816
852
852
852
814
814
841
841
848
815
815
842
842
857
838
838
871
871
880
880
829
791
791
783
777
777
797
814
814
809
809
836
888
888
845
845
852
852
862
823
823
816
816
827
819
819
788
813
813
839
839
813
820
820
838
838
790
768
768
793
793
793
775
760
760
783
798
798
855
855
876
876
841
869
869
882
882
844
844
830
854
854
846
846
800
825
825
822
829
829
786
786
839
841
841
832
832
865
889
889
834
834
858
858
868
826
826
811
811
845
844
844
817
817
858
864
864
818
818
843
860
860
839
839
839
876
876
864
864
833
833
878
863
863
829
829
855
856
856
810
810
826
842
842
814
814
835
864
864
1103
1103
1103
841
841
827
827
801
820
820
833
833
798
809
809
837
837
847
851
851
869
869
832
844
844
856
856
830
823
823
850
850
833
797
797
820
820
847
814
814
829
829
850
825
825
808
808
839
842
842
824
824
841
869
869
860
860
830
867
867
849
849
848
848
866
881
881
853
853
897
897
937
937
895
942
942
959
959
904
904
902
902
891
891
836
830
830
786
776
776
769
761
761
750
749
749
748
748
748
741
753
753
751
743
743
741
735
735
729
722
719
719
734
735
735
718
727
727
723
727
727
683
702
697
697
695
686
681
681
687
700
700
738
761
761
754
752
752
777
801
801
792
775
775
798
798
812
797
797
769
797
797
787
787
790
774
774
764
789
789
805
805
805
773
773
798
820
820
818
818
786
812
812
838
836
836
802
802
819
814
814
820
820
847
841
841
862
862
829
807
807
839
839
866
851
851
829
829
870
870
866
832
832
833
833
840
823
823
795
795
820
831
831
809
795
795
835
835
854
825
825
850
850
872
872
836
820
820
840
840
819
788
788
811
831
831
801
801
813
815
815
832
787
787
815
815
836
791
791
813
813
831
819
819
797
819
819
840
840
800
801
801
823
823
814
783
783
805
780
780
750
739
739
758
788
788
792
792
771
803
803
818
798
798
782
809
809
815
815
785
805
805
822
822
800
774
774
803
816
816
802
802
824
844
844
820
820
810
840
840
838
838
807
827
827
840
840
829
822
822
855
855
855
818
818
858
858
882
841
841
822
822
859
840
840
811
811
836
854
854
817
817
815
845
845
865
865
831
843
843
860
860
855
855
821
859
859
874
874
860
896
896
854
854
855
855
826
857
857
847
847
813
829
829
826
826
796
809
809
829
803
803
806
806
845
831
831
821
821
858
877
877
844
844
862
862
874
847
847
831
831
859
875
875
839
839
837
837
872
886
886
854
854
878
878
881
854
854
832
832
856
886
886
846
846
883
883
847
809
809
816
816
811
776
776
786
802
802
793
777
777
791
798
798
777
777
772
812
812
829
813
813
837
837
870
870
851
828
828
868
868
894
894
845
864
864
849
849
820
852
852
865
865
834
851
851
887
887
868
868
860
864
864
881
881
834
861
861
874
874
847
847
855
888
888
877
877
828
828
860
871
871
843
843
840
866
866
890
890
853
853
882
919
919
932
932
891
891
948
948
970
970
931
931
899
899
951
970
970
918
918
938
938
960
960
927
927
908
908
958
958
963
963
921
940
940
929
929
867
867
883
883
894
847
847
884
884
869
837
837
896
896
921
921
850
896
896
887
887
824
824
838
855
855
831
831
818
857
857
861
861
827
853
853
911
911
884
884
843
878
878
887
887
856
856
869
881
881
862
862
869
869
803
821
821
826
813
813
797
797
840
879
879
860
860
856
856
900
897
897
856
856
883
883
891
849
849
847
847
886
886
908
870
870
906
906
922
922
878
878
877
920
920
921
921
891
891
931
931
922
922
893
946
946
968
968
931
931
938
938
1241
1241
1241
681
916
916
962
962
980
980
938
932
932
935
935
887
887
867
867
923
923
923
902
902
962
962
930
930
889
889
918
918
886
850
850
870
870
872
832
832
856
856
861
846
846
854
854
883
883
868
863
863
903
903
909
909
865
903
903
885
885
965
965
932
932
976
976
979
979
924
924
976
976
1005
1005
966
966
998
998
1019
1019
994
994
919
919
880
835
835
837
844
844
844
844
880
880
861
870
870
882
882
856
850
850
883
883
857
857
826
855
855
850
850
815
837
837
865
865
845
835
835
844
844
942
942
854
875
875
901
901
862
862
857
885
885
844
844
854
854
925
900
900
879
879
943
943
945
945
914
914
980
980
1010
1010
956
956
976
976
992
992
941
941
949
978
978
952
952
945
945
1015
1015
1002
1002
962
962
1000
1000
1013
1013
966
966
982
982
896
896
985
985
932
932
968
968
998
998
1008
1008
949
949
986
986
1008
1008
973
973
935
955
955
977
977
936
936
916
916
932
932
920
920
884
904
904
918
918
880
880
896
923
923
896
896
899
899
927
927
873
878
878
897
897
854
854
847
875
875
801
801
807
830
830
834
806
806
845
845
846
821
821
862
862
885
885
856
874
874
899
899
858
858
887
898
898
862
862
874
874
902
902
866
874
874
888
888
841
859
859
864
864
837
837
833
861
861
850
850
828
866
866
882
882
854
896
896
867
867
987
987
921
921
952
952
928
928
924
924
959
959
953
916
916
968
968
1000
1000
950
950
983
983
995
995
969
969
915
915
943
943
984
984
930
930
907
949
949
988
988
953
953
927
927
950
950
956
956
916
916
958
958
979
979
980
980
938
965
965
957
957
960
960
964
964
994
994
973
973
922
922
932
932
929
929
881
873
873
896
896
871
871
891
926
926
880
880
905
905
886
856
856
904
904
885
885
846
859
859
859
859
826
841
841
845
845
816
810
810
827
827
825
816
816
850
850
852
832
832
836
836
782
809
809
814
790
790
787
787
806
807
807
788
812
812
841
841
820
804
804
787
814
814
829
829
828
813
813
849
849
854
854
827
857
857
880
880
912
912
885
923
923
938
938
917
917
917
917
941
941
949
949
885
915
915
940
940
931
931
923
923
1006
1006
999
999
955
955
981
981
998
998
959
959
922
922
949
976
976
938
938
956
956
993
993
951
951
991
991
1021
1021
1006
1006
948
948
961
961
961
961
912
912
936
936
985
985
976
976
945
987
987
967
967
926
926
931
931
959
959
956
956
953
953
946
946
1006
1006
952
952
942
972
972
949
949
917
917
945
945
968
968
917
917
972
972
1020
1020
971
971
976
976
975
975
934
934
876
903
903
900
900
857
893
893
921
921
875
875
882
882
870
830
830
836
813
813
810
810
820
793
793
799
818
818
813
813
793
811
811
804
790
790
812
812
817
797
797
816
816
827
808
808
810
839
839
832
832
813
848
848
861
861
841
841
849
888
888
855
855
855
855
900
901
901
859
859
910
910
897
897
863
902
902
914
914
882
882
929
929
965
965
925
917
917
1030
1030
934
934
946
946
973
973
980
980
926
926
980
980
1026
1026
982
982
984
984
993
993
977
977
926
926
944
944
934
871
871
889
889
872
872
840
839
839
817
792
792
771
787
787
784
767
767
773
773
790
803
803
786
800
800
825
825
796
800
800
816
861
861
834
834
830
865
865
878
878
841
841
899
899
919
887
887
919
919
967
967
940
940
938
938
1015
1015
1029
1029
960
960
999
999
1002
1002
925
925
908
908
954
954
1014
1014
951
951
1015
1015
1054
1054
995
995
977
977
1025
1025
979
979
1006
1006
997
997
1015
1015
917
917
972
997
997
961
961
958
958
985
985
940
940
952
952
992
992
973
973
914
914
948
948
928
876
876
892
892
924
924
879
879
923
982
982
931
931
949
949
953
953
882
882
890
890
889
857
857
838
838
857
836
836
812
812
838
1137
1137
1137
571
837
878
878
892
892
853
853
917
954
954
942
942
937
937
992
992
1012
1012
952
952
994
994
1004
1004
947
947
944
944
1007
1007
1016
1016
945
945
947
947
898
898
871
908
908
899
899
896
896
971
971
961
961
895
930
930
905
905
857
857
905
905
843
830
830
852
856
856
818
818
842
876
876
895
895
899
899
984
984
1023
1023
953
953
1000
1000
1031
1031
990
990
979
979
998
998
986
986
964
964
999
999
1036
1036
989
989
951
951
992
992
1016
1016
960
960
983
983
1038
1038
1027
1027
974
974
1000
1000
1010
1010
1008
1008
1002
1002
949
949
971
971
997
997
973
973
918
918
948
970
970
920
920
966
966
994
994
981
981
955
955
1009
1009
1028
1028
1004
1004
968
968
1019
1019
997
997
955
955
970
970
1024
1024
986
986
983
983
1012
1012
990
990
953
953
957
957
977
977
999
999
939
939
909
944
944
975
975
931
931
939
939
1006
1006
1020
1020
960
960
985
985
1010
1010
962
962
953
953
985
985
973
973
919
948
948
965
965
917
917
938
938
981
981
1001
1001
955
955
978
978
1015
1015
955
955
974
974
998
998
981
981
979
979
800
863
863
934
934
987
987
934
934
926
968
968
904
904
897
897
933
933
895
895
892
910
910
891
891
866
866
834
812
812
817
818
818
795
795
794
827
827
855
855
824
879
879
927
927
879
879
897
947
947
896
896
892
892
936
936
968
968
919
919
978
978
1007
1007
957
957
1013
1013
1075
1075
1004
1004
1020
1020
1054
1054
1000
1000
921
921
967
967
1001
1001
1015
1015
1011
1011
1087
1087
1044
1044
1009
1009
1063
1063
1066
1066
1066
1009
1009
996
996
1039
1039
1034
1034
978
978
1014
1014
1034
1034
1009
1009
979
979
1034
1034
1057
1057
1000
1000
1000
1000
1026
1026
963
963
1004
1004
1047
1047
1004
1004
1029
1029
999
999
981
981
1013
1013
1028
1028
974
974
953
953
1026
1026
1012
1012
962
962
981
981
1006
1006
977
977
953
953
1004
1004
1018
1018
948
948
919
962
962
964
964
951
951
918
918
1313
1313
1313
672
973
973
941
941
1010
1010
1061
1061
1009
1009
1025
1025
1020
1020
993
993
912
912
927
927
945
945
917
883
883
925
925
948
948
896
896
913
952
952
909
909
893
893
932
932
940
940
917
917
885
914
914
926
926
894
894
879
907
907
940
940
930
930
979
979
1046
1046
978
978
1033
1033
1056
1056
997
997
1039
1039
1039
1052
1052
993
993
992
992
1002
1002
997
997
937
992
992
1004
1004
943
943
981
981
986
986
938
938
922
922
952
952
988
988
946
946
961
961
1017
1017
1016
1016
948
948
970
970
1021
1021
985
985
1010
1010
979
979
1009
1009
1001
1001
945
969
969
982
982
944
944
914
914
956
956
967
967
905
905
902
961
961
984
984
941
941
952
952
1014
1014
987
987
939
939
977
977
977
977
938
938
919
919
990
990
1020
1020
963
963
974
974
981
981
978
978
976
906
906
988
988
978
978
961
961
1007
1007
1035
1035
979
979
1006
1006
1054
1054
1018
1018
982
982
978
978
942
942
925
925
882
882
886
931
931
1000
1000
950
950
979
979
1038
1038
1040
1040
989
989
1015
1015
1029
1029
1029
968
956
956
1006
1006
983
983
922
922
972
972
933
933
949
949
902
902
937
969
969
980
980
923
923
987
987
1008
1008
979
979
937
937
987
987
1006
1006
928
928
917
917
986
986
986
986
958
958
921
978
978
984
984
970
970
926
926
867
867
879
879
832
834
834
910
910
892
871
871
905
905
890
890
834
860
860
814
814
825
805
805
777
782
782
784
773
773
760
738
738
748
744
744
735
737
737
760
769
769
760
771
771
796
798
798
780
780
818
829
829
811
811
807
839
839
847
847
816
845
845
879
879
870
870
840
875
875
889
889
845
857
857
885
885
926
926
867
867
850
895
895
954
954
980
980
926
926
982
982
1021
1021
986
986
976
976
1036
1036
1053
1053
983
983
1026
1026
1060
1060
998
998
1009
1009
1041
1041
1041
1021
1021
951
938
938
938
938
896
896
880
880
942
939
939
904
904
987
987
943
943
1113
1113
1018
1018
1041
1041
1041
990
990
977
1027
1027
1027
977
938
938
984
984
1023
1023
993
993
1062
1062
1062
1031
1031
965
965
927
973
973
1011
1011
984
984
1076
1076
1100
1100
1100
1049
1049
982
982
890
899
899
896
896
867
867
939
975
975
922
922
990
990
950
950
920
920
946
946
952
952
919
919
949
949
973
973
952
922
922
952
952
974
974
935
935
944
944
978
978
962
962
910
910
973
973
1027
1027
1004
1004
1028
1028
1076
1076
1044
1044
977
977
956
956
988
988
972
972
954
954
1044
1044
1080
1080
999
999
1044
1044
1064
1064
1039
1039
955
955
995
995
1046
1046
996
996
1019
1019
1043
1043
1046
1046
1046
974
1009
1009
1017
1017
959
959
919
919
996
996
1028
1028
995
995
997
997
1066
1066
1024
1024
946
946
927
927
951
951
938
938
914
914
983
983
1034
1034
1001
1001
952
952
1000
1000
1020
1020
991
991
970
970
1009
1009
1019
1019
924
924
932
968
968
977
977
954
954
1043
1043
1079
1079
1079
990
953
953
950
950
927
927
916
916
961
961
993
993
936
936
948
980
980
946
946
908
908
976
976
1024
1024
982
982
1019
1019
1063
1063
980
980
912
912
873
873
890
890
872
851
851
889
889
889
862
862
885
885
873
873
835
845
845
819
819
787
770
770
771
768
768
759
752
752
741
734
741
741
741
734
734
763
801
801
813
813
811
878
878
936
936
912
912
988
988
1024
1024
996
996
906
906
888
888
922
922
943
995
995
995
992
992
1061
1061
1079
1079
1037
1037
1093
1093
1097
1097
1097
1042
1042
1070
1070
1074
1074
999
999
1011
1011
988
988
919
919
954
1033
1033
1033
1065
1065
1033
1033
1087
1087
1089
1089
1026
1026
1068
1068
1063
1063
1063
988
988
1015
1015
1056
1056
988
988
1025
1025
975
975
1002
1002
1013
1013
1051
1051
1005
1005
963
963
1007
1007
1009
1009
977
977
1030
1030
1055
1055
983
983
1013
1013
1041
1041
992
992
957
957
1018
1018
1028
1028
943
943
923
923
948
937
937
911
911
963
963
952
952
903
903
962
962
967
967
938
987
987
957
957
1027
1027
970
970
979
979
926
926
946
946
981
981
938
938
936
936
970
970
977
977
947
1029
1029
1029
1020
1020
965
965
982
982
1021
1021
1016
1016
988
988
1044
1044
1044
1044
977
977
974
974
990
990
951
951
982
982
1028
1028
1007
1007
976
976
1026
1026
1001
1001
991
991
924
955
955
949
949
921
921
973
973
1002
1002
982
982
911
911
954
954
979
979
936
979
979
1032
1032
1032
1036
1036
976
976
1036
1036
1059
1059
997
997
924
924
957
957
991
991
970
917
917
942
942
960
960
926
926
951
951
997
997
993
993
970
970
987
987
1031
1031
994
994
993
993
1008
1008
983
983
922
922
962
995
995
995
960
965
965
988
988
977
977
915
915
948
948
946
946
906
906
956
956
963
962
962
941
941
1035
1035
1073
1073
1073
993
993
1015
1015
1032
1032
999
999
960
960
991
991
1033
1033
968
968
987
987
1001
1001
1007
1007
973
973
949
977
977
997
997
947
947
941
941
976
976
987
987
961
961
967
967
1004
1004
1005
1005
950
950
997
997
1015
1015
992
992
938
938
941
941
922
885
885
927
927
998
998
1019
1019
981
981
1057
1057
1077
1077
1014
1014
968
968
979
979
922
922
915
915
952
952
984
984
896
890
890
911
911
972
972
933
933
936
936
952
952
950
950
896
913
913
909
909
911
911
880
959
959
1010
1010
1010
945
922
922
963
963
969
969
901
901
917
917
947
947
950
950
916
956
956
939
939
1058
1058
942
942
975
975
991
991
949
949
880
880
896
916
916
896
896
909
909
1004
1004
1036
1036
969
969
1026
1026
1031
1031
984
984
993
993
996
996
978
978
921
921
950
950
981
981
959
959
932
932
999
999
1002
1002
954
971
971
1002
1002
1036
1036
1036
993
993
851
947
947
1016
1016
1056
1056
968
968
1013
1013
1036
1036
1039
1039
994
994
1034
1034
1034
1046
1046
1050
1050
979
979
1018
1018
1013
1013
992
992
933
933
977
990
990
950
950
924
924
965
965
957
957
906
906
947
947
987
987
945
948
948
1022
1022
1021
1021
1021
982
982
952
996
996
973
973
931
931
967
967
1005
1005
984
984
962
962
989
989
964
964
931
931
940
940
971
971
990
990
960
979
979
1028
1028
1028
1016
1016
970
970
1000
1000
1033
1033
997
997
949
949
992
995
995
941
941
943
943
979
979
1007
1007
974
974
933
933
974
974
957
957
928
928
1001
1001
1063
1063
1021
1021
980
980
1034
1034
1037
1037
980
980
945
945
991
991
974
974
926
926
961
961
997
997
983
954
954
1010
1010
1031
1031
1031
994
994
969
983
983
959
959
916
916
936
936
951
951
922
922
898
935
935
995
995
944
944
1000
1000
1044
1044
994
994
990
990
1031
1031
1016
1016
1016
937
969
969
993
993
1007
1007
951
951
972
972
1017
1017
1025
1025
960
960
979
979
1018
1018
971
971
907
907
934
934
936
936
897
867
867
907
907
940
940
956
956
920
1004
1004
947
947
1047
1047
1047
1002
1002
1021
1021
988
988
942
974
974
988
988
938
938
919
919
961
961
970
970
916
916
946
946
993
993
1000
1000
947
947
1005
1005
1029
1029
995
995
945
945
978
998
998
937
937
904
904
932
932
973
973
971
971
922
922
957
957
1003
1003
964
964
926
953
953
966
966
938
938
891
891
938
938
966
966
954
954
905
950
950
990
990
961
961
934
934
965
965
985
985
924
924
909
909
944
974
974
921
921
886
886
929
929
940
940
923
923
895
952
952
1007
1007
949
949
989
989
1020
1020
971
971
973
973
963
963
986
986
938
938
952
952
965
965
944
944
899
931
931
1012
1012
928
928
907
907
924
924
919
919
925
878
878
938
938
998
998
1014
1014
939
939
988
988
996
996
939
939
981
981
999
999
970
970
901
901
920
918
918
913
913
861
861
875
904
904
930
930
900
900
940
940
941
941
905
905
894
934
934
978
978
982
982
932
932
980
980
989
989
946
946
946
946
980
980
987
987
930
930
979
979
1029
1029
1007
1007
1026
1026
991
991
988
988
1021
1021
978
978
920
920
955
959
959
907
907
902
902
939
939
1081
1081
985
985
1007
1007
1038
1038
1005
1005
942
942
979
979
1021
1021
971
971
916
916
944
944
937
941
941
900
900
943
943
1006
1006
1040
1040
994
994
1038
1038
1054
1054
965
965
991
991
1002
1002
972
972
942
942
966
966
994
994
960
960
933
933
957
957
986
986
948
948
912
973
973
991
991
979
979
932
932
976
976
989
989
953
953
936
936
988
988
1007
1007
1000
1000
935
935
979
979
997
997
977
977
948
985
985
1047
1047
1047
973
973
990
990
1008
1008
1028
1028
958
958
966
1015
1015
1000
1000
942
942
980
980
1031
1031
987
987
939
939
972
972
958
958
921
921
963
963
951
951
953
953
896
921
921
964
964
952
952
925
925
1016
1016
1010
1010
973
973
944
944
983
983
982
982
938
938
915
965
965
979
979
942
942
939
939
1011
1011
1029
1029
962
962
960
960
1000
1000
969
969
918
918
951
951
979
979
927
901
901
951
951
974
974
938
938
903
903
980
980
1023
1023
989
989
955
955
1019
1019
1028
1028
982
982
996
996
1023
1023
989
989
917
917
932
932
938
974
974
938
938
977
977
1016
1016
1015
1015
968
968
1004
1004
986
986
979
979
932
932
957
957
969
969
919
919
949
949
966
988
988
938
938
928
928
990
990
990
990
934
934
945
945
989
989
970
970
925
925
965
965
994
994
967
967
949
1005
1005
985
985
920
920
939
939
976
976
988
988
938
938
968
968
1008
1008
978
978
943
943
980
980
1011
1011
957
957
991
991
1002
1002
1005
1005
943
943
963
984
984
980
980
918
918
931
931
962
962
943
943
899
899
960
960
1001
1001
960
924
924
996
996
995
995
920
920
873
873
859
840
840
830
830
805
828
828
862
862
864
867
867
860
860
889
889
919
919
849
873
873
879
879
851
837
837
799
799
779
768
768
777
750
750
741
732
733
733
750
756
756
753
757
757
787
814
814
819
819
817
868
868
916
916
940
940
903
903
925
925
938
938
892
892
931
983
983
991
991
967
967
948
948
1196
1196
1196
1027
1027
990
990
997
997
921
921
922
922
926
893
893
875
875
966
966
1117
1117
1037
1037
1070
1070
1108
1108
1108
1036
1036
1019
1019
999
999
910
910
876
900
900
887
887
864
945
945
1023
1023
964
964
1012
1012
1055
1055
1055
973
976
976
1002
1002
987
987
843
843
910
910
876
876
876
902
902
906
906
890
890
969
969
1035
1035
987
987
1023
1023
1056
1056
988
988
1001
1001
1056
1056
1005
1005
955
955
1017
1017
1049
1049
984
984
999
999
1002
1002
946
946
952
952
1006
1006
980
980
910
910
922
922
922
906
906
937
937
1054
1054
1101
1101
1019
1019
1066
1066
1066
1039
1039
989
989
1041
1041
1030
1030
955
955
959
959
972
932
932
980
980
1044
1044
995
995
1039
1039
1039
1077
1077
1053
1053
1009
1009
1011
1011
1018
1018
958
958
1017
1017
1074
1074
1036
1036
1002
1002
1014
1014
985
985
922
922
960
960
981
981
943
943
986
1035
1035
1035
1030
1030
987
987
988
988
989
989
938
957
957
979
979
982
982
923
923
993
993
1004
1004
965
965
998
998
969
969
914
914
862
878
878
890
890
885
885
871
918
918
904
904
875
875
924
924
960
960
940
923
923
1025
1025
961
961
916
916
956
956
977
977
942
942
957
957
984
984
990
990
950
950
991
991
1022
1022
984
984
1021
1021
1008
1008
955
955
921
921
989
989
1030
1030
958
958
1006
1006
1051
1051
1015
1015
965
965
1004
1004
1042
1042
995
995
999
999
1024
1024
1051
1051
985
985
988
988
1029
1029
1040
1040
1017
1017
974
974
1012
1012
1039
1039
1019
1019
945
945
1004
1004
1023
1023
1001
1001
964
964
993
993
981
981
952
952
959
959
1020
1020
1021
1021
977
977
1044
1044
1046
1046
990
990
1021
1021
1034
1034
990
990
1021
1021
1023
1023
988
988
933
933
886
886
877
858
858
854
854
928
929
929
892
892
978
978
917
917
892
892
890
854
854
828
828
832
809
809
788
802
802
809
809
804
799
799
847
847
872
849
849
858
858
895
895
929
929
895
957
957
997
997
938
938
931
931
969
969
938
938
962
962
952
952
977
977
944
944
971
971
1010
1010
999
999
992
992
1091
1091
1087
1087
995
995
1014
1014
1002
1002
958
958
987
987
1023
1023
992
992
994
994
1040
1040
1052
1052
980
980
963
963
956
956
901
901
869
906
906
930
930
902
902
950
950
1017
1017
952
952
1054
1054
1072
1072
1093
1093
1028
1028
1044
1044
1044
1016
1016
926
876
876
873
873
863
831
831
814
845
845
869
869
834
834
828
813
813
801
810
810
800
782
782
769
769
758
747
727
727
736
746
746
754
749
749
779
824
824
873
873
856
856
925
925
842
1146
1146
1146
969
969
1030
1030
1061
1061
969
969
1002
1002
1030
1030
994
994
1052
1052
1111
1111
1111
1101
1101
1063
1063
1105
1105
1087
1087
1020
1020
1072
1072
1072
1115
1115
1066
1066
1080
1080
1081
1081
1026
1026
1063
1063
1090
1090
1090
1040
1040
1016
1016
1058
1058
1047
1047
966
966
1013
1013
987
987
914
908
908
915
915
879
879
883
925
925
903
903
908
908
983
983
946
946
928
928
958
958
906
905
905
930
930
911
911
887
887
941
983
983
983
936
963
963
990
990
967
967
967
967
1027
1027
1057
1057
1057
1015
1015
1063
1063
1068
1068
1029
1029
1003
1003
1067
1067
1035
1035
1002
1002
1084
1084
1093
1093
1093
1032
1032
1057
1057
1033
1033
979
979
930
930
958
979
979
988
988
924
924
955
955
1013
1013
979
979
982
982
995
995
1012
1012
967
967
1025
1025
1045
1045
1011
1011
1044
1044
1060
1060
1012
1012
1002
1002
1018
1018
1081
1081
1081
979
979
900
887
887
870
870
836
853
853
896
896
905
905
865
944
944
974
974
888
888
903
903
880
841
841
854
854
853
822
822
826
826
832
821
821
808
808
840
854
854
846
846
866
943
943
953
953
930
930
1001
1001
1031
1031
952
952
1064
1064
1064
1037
1037
996
996
940
940
959
957
957
921
921
979
979
986
986
929
929
912
912
924
924
881
859
859
903
903
931
931
916
1001
1001
1061
1061
1061
1022
1022
1056
1056
1092
1092
1019
1019
1022
1022
1033
1033
956
956
887
887
903
903
879
838
838
841
841
895
816
816
840
840
891
913
913
898
898
992
992
1037
1037
994
994
999
999
1017
1017
973
973
1013
1013
1044
1044
1044
956
902
902
930
930
961
961
934
934
922
922
930
885
885
871
871
897
897
879
864
864
913
913
904
904
872
913
913
886
886
852
852
884
860
860
845
845
881
881
892
878
878
908
908
947
947
953
953
936
936
993
993
1014
1014
954
954
982
982
1015
1015
987
987
979
979
973
973
973
973
940
940
985
985
1013
1013
1013
1013
990
990
1041
1041
1031
1031
987
987
1023
1023
1010
1010
941
941
879
964
964
806
806
854
854
854
952
952
1012
1012
977
977
1068
1068
1083
1083
1083
1021
1021
1031
1031
1051
1051
1038
1038
966
966
969
969
979
979
954
954
907
948
948
973
973
952
952
935
935
1007
1007
1056
1056
1069
1069
1033
1033
1044
1044
1044
1055
1055
1023
1023
997
997
1046
1046
1057
1057
995
995
999
999
1010
1010
994
994
948
948
974
974
1005
1005
1024
1024
960
960
976
976
943
922
922
954
954
975
975
950
950
966
966
1003
1003
974
974
992
992
1013
1013
1004
1004
947
947
984
984
1008
1008
976
976
1041
1041
1040
1040
991
991
1033
1033
1362
1362
1362
646
987
987
993
993
960
960
896
896
906
920
920
896
896
937
937
1002
1002
997
997
927
927
920
920
942
944
944
909
909
969
969
1017
1017
954
954
954
954
971
971
973
973
948
948
984
984
1002
1002
979
979
920
920
907
923
923
922
922
879
879
915
955
955
977
977
928
928
960
960
1016
1016
1013
1013
970
970
1024
1024
1043
1043
1004
1004
1004
994
1052
1052
1052
1040
1040
998
998
1038
1038
1025
1025
999
999
953
953
970
970
990
990
966
966
918
967
967
1006
1006
1027
1027
989
989
1040
1040
1090
1090
1090
1055
1055
978
978
1034
1034
1040
1040
1021
1021
955
955
983
983
1041
1041
1027
1027
955
955
992
992
1017
1017
1025
1025
967
967
1005
1005
1034
1034
993
993
934
934
984
984
1032
1032
980
980
915
926
926
918
918
860
860
870
892
892
851
851
859
859
895
899
899
860
860
883
883
899
839
839
829
829
847
837
837
810
810
830
849
849
838
838
815
844
844
849
849
819
846
846
869
869
882
882
858
902
902
949
949
905
905
927
927
969
969
1002
1002
940
940
982
982
1008
1008
953
953
970
970
1004
1004
950
950
958
1029
1029
1029
981
945
945
918
918
919
919
877
877
883
920
920
890
890
915
915
943
943
888
887
887
892
892
845
845
838
841
841
821
821
816
877
877
937
937
930
930
955
955
1002
1002
1019
1019
965
965
1019
1019
1027
1027
960
960
950
950
939
939
899
871
871
903
903
922
922
886
960
960
1019
1019
1019
966
997
997
997
1056
1056
1004
1004
1011
1011
1004
1004
947
947
925
948
948
959
959
917
917
994
994
1046
1046
984
984
1013
1013
1031
1031
1048
1048
1020
1020
1040
1040
1040
1026
1026
979
979
1006
1006
1013
1013
974
959
959
1007
1007
994
994
954
954
964
964
958
958
940
940
900
900
941
941
952
911
911
905
905
951
951
945
945
924
924
972
972
1010
1010
986
986
949
949
994
994
1018
1018
972
972
1005
1005
1027
1027
1014
1014
978
978
1028
1028
1022
1022
972
972
992
992
1021
1021
995
995
945
945
986
986
1023
1023
975
975
947
1027
1027
1027
1064
1064
988
988
980
980
1026
1026
1017
1017
950
950
937
970
970
964
964
917
917
1014
1014
1059
1059
1058
1058
1058
1004
1004
1032
1032
1042
1042
979
979
981
981
991
991
997
997
936
959
959
994
994
1011
1011
937
937
994
994
996
996
991
991
1046
1046
1028
1028
1022
1022
966
966
996
996
1014
1014
977
977
950
950
1009
1009
1010
1010
961
961
993
993
992
992
977
977
937
937
986
986
1014
1014
977
977
920
920
961
961
954
901
901
896
896
924
924
931
931
891
901
901
938
938
920
920
876
876
943
943
987
987
964
964
920
979
979
1008
1008
968
968
930
930
963
963
955
955
909
909
915
915
946
964
964
919
919
925
925
985
985
1007
1007
960
960
953
953
980
980
1011
1011
958
958
900
900
944
944
985
985
974
1033
1033
1033
1072
1072
1036
1036
987
987
1016
1016
1047
1047
984
984
998
998
1009
1009
954
954
925
925
972
972
995
995
963
963
930
968
968
1000
1000
948
948
962
962
989
989
970
970
978
978
1042
1042
1062
1062
1013
1013
1054
1054
1078
1078
1078
1053
1053
1000
1000
1023
1023
1027
1027
964
964
981
981
1051
1051
1016
1016
976
976
1040
1040
1051
1051
985
985
974
974
1003
1003
1000
1000
946
946
987
987
1021
1021
1011
1011
947
947
1000
1000
1040
1040
983
983
999
999
1061
1061
1022
1022
965
965
1009
1009
1021
1021
967
967
972
972
1020
1020
1010
1010
970
970
1003
1003
1036
1036
1015
1015
960
960
991
991
1025
1025
959
959
967
967
992
992
965
965
911
929
929
957
957
1009
1009
915
915
892
892
931
970
970
935
935
896
896
959
959
1012
1012
971
971
1018
1018
1077
1077
1069
1069
1069
972
956
956
909
909
832
832
821
786
786
762
760
760
826
657
729
729
744
747
747
738
753
753
765
763
763
758
762
762
786
799
799
816
816
792
822
822
856
856
886
886
853
925
925
989
989
993
993
958
958
1035
1035
1051
1051
1051
988
988
998
998
1030
1030
1022
1022
967
967
1041
1041
1078
1078
1012
1012
913
913
993
993
857
885
885
949
949
1028
1028
994
994
974
974
1057
1057
1057
1057
978
978
1018
1018
1067
1067
1067
1003
1003
1036
1036
1065
1065
1102
1102
1062
1062
1025
1025
1054
1054
1063
1063
966
966
905
905
925
925
932
932
881
925
925
1024
1024
961
961
932
932
972
972
1291
1291
1291
596
948
948
928
855
855
880
880
882
882
850
901
901
921
921
878
878
917
917
939
894
894
877
877
893
893
878
858
858
902
902
928
928
898
898
947
947
973
973
926
918
918
957
957
931
931
900
900
966
966
974
974
918
918
947
953
953
1138
1138
1138
723
966
966
920
920
952
952
993
993
969
969
956
956
990
990
1016
1016
950
950
919
903
903
865
865
833
848
848
849
849
823
842
842
881
881
891
891
864
906
906
928
928
885
885
919
919
931
931
872
870
870
850
850
822
798
798
820
841
841
795
795
835
872
872
878
878
849
849
897
931
931
886
886
873
873
880
880
850
861
861
886
886
879
879
859
921
921
927
927
891
891
937
937
886
846
846
828
828
844
925
925
970
970
900
900
939
939
955
955
900
900
900
900
928
929
929
880
880
909
909
981
981
892
892
925
923
923
886
886
938
938
981
981
899
899
882
880
880
884
884
875
875
827
854
854
869
869
853
841
841
895
895
931
931
897
897
902
938
938
898
898
874
874
909
909
921
921
886
934
934
960
960
924
924
940
940
976
976
938
938
941
941
952
952
952
893
893
911
911
943
943
879
879
825
805
805
820
814
814
814
814
793
783
783
809
813
813
794
822
822
839
839
830
807
807
852
852
881
881
853
859
859
895
895
871
871
868
911
911
893
893
871
871
895
895
889
848
848
874
874
891
891
834
865
865
875
875
870
852
852
900
900
935
935
881
881
902
899
899
871
871
850
850
852
828
828
821
821
841
840
840
820
854
854
866
866
838
838
857
883
883
864
864
848
848
889
894
894
858
858
907
907
940
940
934
934
912
905
905
1035
1035
940
940
968
968
991
991
958
958
910
910
949
949
953
953
914
914
923
977
977
944
944
949
949
1014
1014
1016
1016
956
956
1012
1012
1039
1039
969
969
1005
1005
1022
1022
963
963
983
983
1001
1001
977
977
938
938
965
965
976
976
935
935
948
948
960
1015
1015
1015
914
942
942
939
939
891
891
903
903
924
905
905
878
878
925
925
938
938
882
896
896
931
931
907
907
863
863
903
903
903
875
875
894
894
930
930
898
874
874
912
912
915
915
877
877
910
942
942
914
914
890
890
929
929
921
921
914
921
921
958
958
913
913
932
932
936
936
921
921
885
918
918
939
939
900
900
929
929
953
953
947
947
932
995
995
995
1031
1031
979
979
989
989
991
991
938
954
954
953
953
921
921
911
911
932
932
901
877
877
917
917
958
958
919
919
972
972
937
937
1051
1051
1004
1004
983
983
923
923
946
946
939
912
912
928
928
902
902
876
876
906
903
903
862
862
901
901
899
854
854
884
884
896
896
858
877
877
887
887
867
867
836
867
867
863
863
835
858
858
875
875
852
874
874
914
914
890
890
923
923
907
907
864
889
889
843
843
817
789
789
765
769
769
769
776
776
765
787
787
798
798
789
774
774
811
828
828
807
807
813
819
819
812
812
792
803
803
793
771
771
783
783
783
791
774
774
791
791
824
854
854
823
823
828
875
875
860
860
832
832
876
874
874
835
835
851
846
846
823
823
796
814
814
817
817
806
802
802
847
866
866
834
834
870
870
906
906
872
865
865
896
896
875
875
842
884
884
897
897
858
858
876
889
889
862
862
843
847
847
835
835
811
836
836
855
855
821
826
826
835
835
856
811
811
839
839
862
841
841
823
823
854
880
880
854
854
846
846
899
899
920
892
892
925
925
956
956
936
936
917
917
952
952
952
952
897
903
903
930
930
898
898
866
866
911
948
948
917
917
849
849
876
906
906
927
927
901
901
934
934
958
958
926
926
948
948
961
961
935
909
909
921
921
881
881
847
869
869
847
847
817
836
836
838
838
813
830
830
832
832
818
823
823
851
851
854
820
820
836
836
823
803
803
821
827
827
801
801
808
800
800
779
773
773
777
764
764
751
775
775
686
743
743
754
755
755
769
789
789
783
783
773
795
795
800
794
794
783
811
811
808
808
789
816
816
822
822
801
799
799
821
821
821
819
819
864
864
873
844
844
897
897
914
914
862
878
878
890
890
854
854
857
883
883
863
863
840
840
879
1007
1007
773
773
918
918
965
965
925
925
932
932
961
936
936
926
926
949
949
938
938
893
893
928
928
955
955
911
912
912
933
933
901
901
857
896
896
873
873
835
835
864
869
869
854
854
861
928
928
920
920
879
879
924
924
909
909
853
887
887
888
888
865
865
870
877
877
863
863
841
882
882
892
892
862
862
918
918
969
969
932
932
969
987
987
987
931
974
974
1008
1008
946
946
982
982
984
984
933
933
982
982
1005
1005
949
949
997
997
1001
1001
938
938
973
973
979
979
909
909
942
968
968
1115
1115
1115
764
950
950
890
890
907
907
895
843
843
871
871
877
846
846
851
851
872
865
865
835
835
872
872
869
824
824
839
839
835
801
801
807
820
820
829
829
822
878
878
916
916
899
899
869
869
902
907
907
868
868
860
860
886
888
888
880
880
844
844
896
886
886
855
855
885
885
901
901
882
843
843
885
885
903
903
888
869
869
895
895
884
884
849
860
860
857
857
823
816
816
798
798
782
765
765
763
779
779
829
841
841
812
812
837
848
848
824
824
812
842
842
845
845
826
854
854
836
836
916
916
854
906
906
906
906
874
874
906
906
938
903
903
934
934
955
955
905
905
896
896
927
927
891
868
868
888
888
875
875
840
865
865
877
877
834
837
837
849
849
829
863
863
867
867
825
810
810
820
820
815
789
789
816
825
825
820
820
786
817
817
816
816
793
807
807
826
823
823
795
795
813
825
825
812
812
802
824
824
837
825
825
844
844
871
871
857
840
840
861
861
851
813
813
813
813
784
763
763
736
735
743
743
753
836
836
842
842
816
816
859
878
878
846
846
823
832
832
867
867
814
819
819
832
832
841
810
810
842
842
857
876
876
842
842
884
884
915
915
883
879
879
899
899
868
868
843
874
874
884
884
844
844
869
894
894
880
880
896
896
930
930
904
890
890
923
923
897
897
854
880
880
881
881
839
839
849
990
990
727
727
837
871
871
872
872
837
837
863
880
880
845
845
842
859
859
842
842
814
844
844
848
848
824
856
856
871
871
839
839
850
866
866
854
854
836
863
863
858
858
825
849
849
856
856
821
821
831
834
834
804
802
802
823
823
837
826
826
820
820
854
846
846
824
824
849
852
852
828
828
846
868
868
855
855
844
844
893
922
922
885
885
904
904
906
906
876
876
905
934
934
910
910
908
908
938
938
919
919
880
909
909
901
901
854
854
871
884
884
875
875
859
859
896
892
892
885
885
802
851
851
837
837
813
831
831
850
850
842
815
815
849
849
864
864
847
832
832
876
876
900
900
881
880
880
923
923
918
918
862
877
877
880
880
832
832
836
853
853
858
858
833
858
858
889
889
865
865
854
881
881
891
891
843
843
868
865
865
875
875
832
863
863
872
872
851
851
864
896
896
882
882
839
839
888
897
897
846
846
867
867
867
836
836
866
866
880
851
851
868
868
877
877
857
854
854
872
872
847
840
840
864
864
846
846
836
878
878
877
877
852
873
873
897
897
893
893
876
876
877
875
875
838
838
858
868
868
826
826
824
828
828
813
813
794
811
811
799
782
782
800
800
804
822
822
796
780
780
772
781
781
784
784
793
775
775
776
802
802
813
813
810
796
796
840
866
866
875
875
852
852
912
912
922
865
865
871
871
897
897
838
818
818
827
827
833
813
813
838
838
870
855
855
854
854
896
896
888
866
866
897
897
884
884
846
869
869
870
870
823
839
839
835
835
811
825
825
861
861
866
866
830
868
868
886
886
851
893
893
927
927
894
894
906
906
937
937
901
880
880
908
908
925
925
895
895
924
924
935
885
885
906
906
929
929
931
931
875
912
912
928
928
896
896
921
921
963
963
930
930
900
916
916
912
912
863
863
901
901
917
900
900
919
919
948
948
916
916
909
909
949
949
953
897
897
916
916
921
921
822
863
863
851
851
820
857
857
869
869
835
835
870
865
865
825
825
791
782
782
794
791
791
771
786
786
790
798
798
780
780
774
782
782
789
790
790
790
833
833
848
848
837
837
823
868
868
906
906
886
886
868
928
928
947
947
901
901
896
896
985
985
901
901
904
932
932
910
910
872
872
901
901
898
855
855
888
888
895
895
867
904
904
944
944
913
913
922
922
954
954
923
923
897
924
924
912
912
868
868
907
907
914
873
873
899
899
915
915
882
882
904
939
939
944
944
909
909
915
915
1023
1023
935
935
961
961
972
972
936
936
929
972
972
945
945
904
904
948
948
977
977
934
934
912
912
943
906
906
873
873
916
916
896
896
869
937
937
933
933
912
912
956
956
957
957
905
905
925
892
892
878
878
921
921
909
909
880
902
902
960
960
888
888
924
924
940
940
905
898
898
930
930
915
915
884
884
906
931
931
885
885
903
903
889
889
840
813
813
840
852
852
831
831
859
859
882
854
854
849
849
849
809
809
795
795
782
767
767
754
763
763
763
752
752
761
766
766
761
983
983
527
769
769
753
762
762
775
772
772
763
798
798
833
833
843
830
830
881
881
909
909
870
877
877
898
898
864
864
836
868
868
891
891
854
854
875
901
901
881
881
866
866
915
915
930
930
882
926
926
951
951
906
906
909
909
935
935
916
916
916
899
899
943
943
906
906
925
925
935
877
877
880
880
926
926
917
917
873
917
917
928
928
875
875
890
890
894
857
857
854
854
897
897
905
862
862
905
905
922
922
863
883
883
877
877
824
824
848
872
872
862
862
836
898
898
908
908
862
862
902
902
889
839
839
830
830
838
812
812
778
784
784
779
763
763
752
771
771
790
790
780
784
784
826
853
853
819
819
823
831
831
800
800
770
767
767
748
731
731
716
705
713
713
728
757
757
759
794
794
830
830
825
839
839
854
854
833
818
818
774
774
804
830
830
869
869
857
847
847
912
912
930
930
898
898
960
960
980
980
920
920
911
911
911
866
866
853
866
866
857
857
833
833
864
888
888
860
860
871
871
890
857
857
859
859
900
900
906
871
871
909
909
938
938
885
885
911
899
899
867
867
828
828
850
859
859
824
824
849
867
867
834
834
833
851
851
837
837
822
859
859
871
871
831
847
847
857
857
835
835
824
842
842
845
845
813
828
828
841
827
827
811
811
848
850
850
823
823
848
848
867
840
840
851
851
877
850
850
852
852
857
857
872
839
839
875
875
879
849
849
876
876
881
881
837
851
851
854
854
829
825
825
847
847
835
814
814
842
842
831
800
800
826
826
809
781
781
788
787
787
771
756
756
744
738
738
756
768
768
763
759
759
789
799
799
786
786
794
782
782
840
840
797
828
828
843
817
817
840
840
856
856
837
834
834
855
855
853
830
830
862
862
886
886
849
866
866
890
890
866
866
855
863
863
839
839
828
850
850
848
848
823
855
855
865
865
838
865
865
871
871
832
832
851
857
857
830
830
847
840
840
857
857
847
894
894
903
903
856
856
872
867
867
825
825
834
834
848
831
831
830
868
868
871
871
854
854
898
898
875
842
842
863
863
865
826
826
841
841
837
807
807
830
830
846
827
827
859
859
886
886
856
868
868
884
884
846
858
858
824
824
827
801
801
820
820
814
787
787
817
854
854
836
836
853
853
886
872
872
841
841
867
867
863
827
827
833
833
845
816
816
810
824
824
804
804
791
815
815
824
824
809
833
833
854
854
837
825
825
859
859
850
820
820
844
844
850
840
840
818
818
856
850
850
835
835
866
866
853
851
851
883
883
860
847
847
866
866
839
839
832
862
862
843
843
827
853
853
833
833
826
857
857
819
819
842
850
850
823
823
835
852
852
844
844
838
894
894
913
913
877
877
899
899
901
861
861
878
878
903
903
849
880
880
893
893
851
851
867
876
876
850
850
815
823
823
823
823
822
813
813
785
790
790
769
757
757
774
774
771
762
762
762
762
762
744
734
726
726
735
736
736
731
730
730
745
757
757
747
756
756
783
802
802
786
786
814
782
782
890
890
816
843
843
854
854
829
840
840
856
856
839
839
820
849
849
835
835
796
811
811
801
784
784
785
811
811
840
840
825
886
886
905
905
861
861
878
878
878
828
828
829
829
836
825
825
809
839
839
856
856
842
842
882
904
904
878
878
867
867
928
928
852
866
866
875
875
846
839
839
887
887
888
888
859
904
904
915
915
869
869
891
891
896
846
846
856
856
864
834
834
829
829
854
850
850
854
854
930
930
936
936
900
900
941
915
915
856
856
879
879
867
818
818
839
839
849
857
857
816
816
884
887
887
876
876
909
909
871
871
848
870
870
839
839
818
840
840
837
837
815
850
850
870
870
841
859
859
869
869
836
836
845
850
850
822
822
810
822
822
821
802
802
829
829
849
831
831
844
844
870
845
845
837
837
863
863
841
866
866
809
809
842
819
819
855
855
861
818
818
840
840
840
814
814
836
836
849
829
829
832
832
871
882
882
852
852
887
887
894
894
851
851
851
899
899
850
843
843
865
865
861
861
824
848
848
871
871
863
848
848
885
885
901
901
866
896
896
877
877
889
889
893
893
901
862
862
884
884
900
900
859
884
884
906
906
867
867
868
882
882
857
857
837
862
862
860
860
830
830
856
868
868
833
833
853
854
854
835
835
827
846
846
833
833
813
838
838
861
861
854
850
850
890
890
891
891
857
902
902
887
887
863
863
896
896
910
892
892
927
927
945
945
899
899
936
936
931
931
879
900
900
913
913
861
861
889
889
889
851
851
876
876
881
850
850
879
879
892
892
846
867
867
847
847
831
868
868
872
872
846
846
883
901
901
868
868
900
900
911
911
856
869
869
870
870
838
847
847
842
842
826
849
849
860
860
837
875
875
859
859
829
829
860
856
856
827
827
846
828
828
804
804
799
804
804
806
786
786
780
818
818
851
851
891
891
865
891
891
933
933
912
912
885
885
916
916
930
981
981
822
822
927
927
889
889
923
923
960
960
960
904
904
933
933
945
945
892
892
924
924
952
952
903
933
933
984
984
979
979
926
926
979
979
977
977
916
916
922
922
917
873
873
893
893
914
914
875
902
902
913
913
888
888
878
878
881
892
892
802
802
854
826
826
809
809
831
841
841
823
823
865
896
896
855
855
879
879
886
834
834
850
850
852
820
820
808
808
824
825
825
802
808
808
805
805
794
794
794
834
834
845
822
822
840
840
860
832
832
811
811
846
831
831
792
782
782
789
789
804
836
836
818
818
842
873
873
881
881
845
859
859
893
893
881
881
849
879
879
903
903
864
864
868
868
894
879
879
860
860
890
890
892
857
857
894
894
908
908
874
899
899
904
904
879
879
867
867
888
868
868
846
846
867
860
860
833
833
859
859
859
830
830
859
859
874
838
838
858
858
872
872
834
851
851
850
850
812
830
830
833
807
807
805
805
821
825
825
787
787
790
780
780
762
756
756
771
790
790
783
813
813
859
859
873
834
834
863
863
884
884
873
842
842
867
867
873
873
859
805
805
846
846
847
818
818
841
841
869
856
856
861
861
891
891
873
859
859
879
879
861
861
834
856
856
837
837
815
836
836
838
838
813
852
852
867
867
840
879
879
874
874
837
837
863
856
856
818
818
820
810
810
772
774
774
763
746
746
782
667
667
729
758
758
808
796
796
801
840
840
831
831
807
833
833
842
842
808
820
820
827
827
797
810
810
829
829
815
791
791
808
804
804
798
798
776
808
808
825
793
793
782
782
811
829
829
808
812
812
840
840
829
798
798
823
823
826
818
818
783
783
824
826
826
796
827
827
852
852
835
835
847
887
887
870
870
843
878
878
864
864
832
832
862
867
867
832
832
852
833
833
808
808
777
764
764
797
831
831
812
812
813
864
864
885
885
849
881
881
902
902
882
882
869
869
913
897
897
884
884
889
889
925
925
892
904
904
925
925
879
879
890
890
912
912
865
882
882
903
903
864
864
885
912
912
882
882
891
891
907
866
866
875
875
889
889
863
844
844
873
873
871
871
840
871
871
893
893
850
864
864
889
889
855
855
846
870
870
863
863
839
839
862
884
884
860
860
887
887
914
867
867
876
876
907
907
873
871
871
893
893
879
879
840
862
862
862
862
822
830
830
831
831
795
792
792
810
800
800
785
785
821
847
847
824
824
854
882
882
853
853
856
856
879
854
854
831
831
849
859
859
813
813
845
855
855
818
818
854
871
871
853
853
854
854
884
876
876
833
833
845
845
853
816
816
820
845
845
846
846
834
885
885
885
885
844
844
881
881
893
844
844
852
852
863
829
829
815
815
843
838
838
798
798
818
826
826
797
819
819
767
767
810
802
802
804
852
852
867
867
847
847
890
925
925
873
873
893
893
896
896
843
851
851
860
860
832
834
834
849
849
825
814
814
841
841
834
807
807
836
836
855
822
822
821
821
818
796
796
777
786
786
762
742
742
735
737
737
761
794
794
795
794
794
839
839
849
849
821
851
851
865
865
839
852
852
881
881
854
854
835
862
862
890
890
859
904
904
944
944
909
909
914
914
957
957
941
941
899
899
938
954
954
908
908
942
942
967
967
911
911
930
930
956
956
936
936
904
1082
1082
1082
854
928
928
953
953
990
990
924
924
964
964
977
977
944
944
968
968
995
995
961
961
964
995
995
1000
1000
946
946
968
968
991
991
941
941
962
962
980
980
925
925
947
947
976
976
947
947
921
966
966
940
940
922
922
977
977
979
979
958
958
958
958
1006
1006
950
950
953
953
981
981
893
876
876
879
879
834
840
840
862
862
839
860
860
846
846
840
859
859
825
825
803
825
825
796
796
775
744
743
743
748
745
745
729
728
728
740
750
750
758
754
754
771
794
794
809
809
787
778
778
880
880
831
802
802
838
838
847
822
822
803
807
807
802
802
773
754
754
769
771
771
768
764
764
814
849
849
853
853
823
823
871
884
884
851
851
812
841
841
839
839
817
795
795
829
829
865
847
847
823
823
862
890
890
858
858
866
866
895
895
866
841
841
874
874
887
887
843
866
866
874
874
857
839
839
885
885
884
884
841
886
886
906
906
892
892
855
889
889
895
895
860
860
849
872
872
848
848
827
865
865
866
866
829
829
855
870
870
856
856
841
886
886
904
904
860
860
895
895
875
910
910
842
842
863
857
857
814
814
789
787
787
809
813
813
832
832
792
795
795
782
766
766
750
738
738
731
745
745
744
760
760
744
766
766
797
799
799
780
780
804
814
814
813
813
781
813
813
834
828
828
835
835
891
891
893
850
850
850
850
767
1018
1018
840
840
879
879
910
910
885
885
936
985
985
987
987
938
938
974
974
947
947
906
906
935
935
941
941
895
895
938
975
975
933
933
953
953
967
967
928
928
918
918
949
949
941
941
939
986
986
949
949
941
941
969
969
933
933
905
905
933
933
904
850
850
871
871
866
866
840
848
848
879
879
907
876
876
914
914
939
939
902
902
939
939
956
956
900
921
921
941
941
897
897
886
886
922
913
913
928
928
955
955
914
914
934
934
942
942
875
877
877
850
850
810
820
820
838
838
854
820
820
854
854
849
828
828
848
848
831
793
793
805
796
796
768
768
764
768
768
757
745
745
761
771
771
751
759
759
756
740
740
743
756
756
757
748
748
768
796
796
819
802
802
830
830
861
845
845
826
826
849
849
852
823
823
848
848
868
844
844
893
893
914
914
916
916
895
948
948
956
956
913
913
969
969
961
961
934
934
973
973
972
972
918
918
962
962
962
962
912
953
953
965
965
905
905
933
933
926
926
881
907
907
903
903
861
861
894
860
860
824
824
845
850
850
820
820
831
846
846
821
821
808
837
837
826
826
792
834
834
852
852
819
810
810
839
839
822
810
810
845
869
869
855
855
885
885
941
941
938
938
930
930
952
901
901
899
899
925
925
877
877
887
921
921
925
925
902
902
932
932
920
920
880
929
929
896
896
908
908
848
860
860
836
836
869
869
858
828
828
872
872
869
834
834
865
865
879
879
845
873
873
883
883
848
819
819
838
838
819
793
793
799
788
788
769
749
749
740
748
748
776
836
836
846
846
819
819
857
880
880
837
837
829
836
836
833
833
833
809
809
856
856
846
844
844
889
889
887
887
851
893
893
906
906
873
873
892
892
911
911
883
890
890
915
915
874
874
872
880
880
847
847
848
875
875
866
866
854
854
913
913
952
907
907
923
923
934
934
894
894
896
896
917
886
886
846
846
888
888
861
830
830
866
866
854
834
834
888
888
905
905
893
946
946
923
923
893
893
936
936
930
930
883
883
916
914
914
869
869
887
887
896
861
861
893
893
924
924
906
906
872
904
904
908
908
906
906
950
950
945
945
908
940
940
932
932
925
925
904
904
899
899
862
874
874
880
880
849
849
865
887
887
838
838
846
856
856
838
838
814
847
847
840
840
813
838
838
845
845
821
828
828
842
842
817
807
807
831
820
820
813
813
845
851
851
821
821
842
837
837
806
806
811
826
826
813
813
820
804
804
817
817
783
805
805
807
799
799
784
821
821
840
840
818
831
831
846
846
849
849
814
833
833
834
813
813
808
808
820
796
796
765
740
740
737
754
754
771
771
771
778
811
811
823
823
797
809
809
793
793
769
757
757
773
787
787
775
779
779
808
831
831
810
810
835
866
866
832
832
828
828
862
866
866
830
830
838
855
855
845
845
822
820
820
857
857
849
838
838
813
813
820
819
819
789
789
780
775
775
773
771
771
756
769
769
781
788
788
771
785
785
813
813
833
805
805
856
856
850
852
852
826
826
855
843
843
819
819
844
854
854
828
828
829
852
852
855
855
829
829
856
868
868
835
835
854
864
864
840
840
848
848
878
868
868
851
851
892
892
971
971
915
920
920
931
931
878
878
914
914
936
936
874
910
910
905
905
904
904
883
883
923
888
888
952
952
940
940
900
900
960
960
941
941
898
920
920
877
877
863
863
876
865
865
845
845
898
898
909
882
882
937
937
910
910
865
865
885
849
849
823
823
836
812
812
809
838
838
846
846
824
852
852
870
870
845
845
847
853
853
852
852
825
846
846
854
854
828
808
808
841
841
874
870
870
896
896
938
938
952
952
900
900
929
929
931
931
879
894
894
908
908
890
890
853
885
885
898
898
839
839
850
867
867
836
836
796
768
768
772
793
793
784
777
777
765
788
788
692
756
756
742
745
745
754
750
750
771
789
789
774
768
768
786
785
785
769
769
781
797
797
794
774
774
802
824
824
799
799
823
809
809
810
810
814
794
794
771
776
776
781
769
769
756
756
778
791
791
776
777
777
805
805
805
779
779
804
791
791
808
779
779
801
801
802
776
776
786
800
800
799
780
780
814
814
822
804
804
819
819
836
813
813
821
821
843
845
845
815
815
840
828
828
801
801
829
835
835
809
829
829
843
843
824
857
857
889
889
843
843
841
858
858
828
828
823
838
838
839
839
823
845
845
820
820
803
826
826
811
811
782
807
807
804
782
782
825
848
848
809
809
781
788
788
781
778
778
785
785
780
767
767
767
767
767
758
753
753
732
732
732
724
719
705
705
715
717
717
713
709
733
733
754
761
761
755
755
741
858
858
823
823
806
850
850
869
869
856
836
836
899
899
906
906
859
859
870
882
882
877
877
835
852
852
871
871
875
875
849
890
890
888
888
842
842
857
848
848
805
805
817
803
803
784
759
759
753
774
774
784
770
770
771
788
788
791
791
783
768
768
791
783
783
768
795
795
826
826
811
821
821
868
868
877
838
838
874
874
888
888
852
867
867
882
882
854
854
854
906
906
928
928
914
914
968
968
961
961
920
920
947
947
921
903
903
935
935
903
903
924
924
944
944
878
913
913
914
914
854
854
893
893
871
872
872
912
912
889
889
881
918
918
879
879
875
875
886
849
849
840
840
857
812
812
819
819
854
854
854
845
845
899
899
899
885
885
916
916
889
889
861
861
877
844
844
813
813
828
814
814
791
807
807
794
794
777
806
806
842
808
808
836
836
840
824
824
827
827
820
796
796
822
822
833
803
803
803
813
813
797
797
809
824
824
812
812
812
837
837
818
818
818
835
835
807
802
802
799
799
772
770
770
796
808
808
796
836
836
868
868
841
841
860
891
891
873
873
854
854
898
845
845
815
815
825
813
813
786
809
809
819
819
807
850
850
866
866
832
855
855
860
860
850
850
873
894
894
857
857
873
873
882
835
835
848
848
849
820
820
818
818
824
823
823
806
806
833
836
836
817
817
853
875
875
848
848
879
879
897
851
851
859
859
841
808
808
818
818
799
779
779
819
856
856
835
835
845
879
879
851
851
852
852
871
846
846
829
829
842
819
819
802
802
813
824
824
803
854
854
893
893
895
895
895
895
950
950
933
933
908
946
946
973
973
923
923
926
926
988
988
907
907
943
943
956
956
914
960
960
942
942
943
943
979
979
959
959
926
926
941
941
920
920
898
953
953
965
965
929
929
930
930
948
948
914
914
873
906
906
931
931
883
883
901
901
917
871
871
889
889
923
923
943
943
901
924
924
1195
1195
1195
630
902
902
933
933
911
878
878
903
903
877
877
869
892
892
874
874
848
848
859
816
816
832
832
825
805
805
815
812
812
787
787
813
813
813
778
798
798
795
764
764
776
776
773
759
759
758
766
766
762
743
743
765
749
749
775
763
763
791
801
801
800
800
780
799
799
821
802
802
792
792
809
793
793
772
782
782
775
758
758
780
788
788
778
778
768
786
786
769
747
747
740
732
732
741
743
743
740
731
753
753
740
729
729
722
720
720
726
748
748
760
742
742
764
797
797
759
842
842
806
806
814
793
793
777
777
809
835
835
816
816
854
882
882
857
857
848
848
877
881
881
834
834
840
839
839
828
828
802
835
835
855
855
828
847
847
869
869
850
850
829
858
858
863
863
825
840
840
855
855
833
833
833
855
855
834
842
842
851
851
848
822
822
859
859
865
865
829
849
849
854
854
816
827
827
859
859
854
823
823
839
839
803
771
771
769
777
777
790
811
811
833
833
813
845
845
857
857
833
823
823
847
847
843
804
804
822
822
827
808
808
817
817
854
841
841
833
833
817
854
854
862
862
822
836
836
841
841
808
800
800
813
805
805
785
785
824
834
834
806
806
824
836
836
808
808
801
815
815
809
790
790
817
817
832
798
798
810
796
796
768
768
746
739
739
739
760
788
788
777
777
800
837
837
815
815
810
801
801
860
860
787
813
813
815
788
788
799
821
821
799
799
788
811
811
813
813
793
819
819
837
800
800
819
819
823
794
794
797
797
816
795
795
812
833
833
831
831
798
831
831
819
819
777
792
792
790
763
763
748
764
764
755
738
738
724
752
752
729
764
764
798
773
773
805
810
810
792
792
795
813
813
810
810
787
814
814
825
808
808
815
815
840
836
836
833
833
879
879
871
833
833
869
869
869
832
832
849
849
844
844
812
848
848
856
856
811
828
828
800
765
765
767
764
764
773
785
785
809
809
778
822
822
839
804
804
822
822
831
798
798
790
790
784
768
768
760
787
787
800
791
791
811
811
799
778
778
791
787
787
763
777
777
783
760
760
772
786
786
769
769
753
779
779
778
760
760
776
792
792
796
780
780
827
827
856
856
809
871
871
868
868
838
807
807
843
843
823
792
792
804
818
818
793
793
811
838
838
840
840
820
870
870
898
898
861
861
882
866
866
821
821
813
813
813
793
793
778
800
800
813
788
788
813
816
816
803
803
782
754
754
755
748
748
771
782
782
774
759
759
773
748
748
746
755
755
748
771
771
783
775
775
766
766
788
775
775
751
739
739
746
745
745
776
798
798
779
789
789
806
806
810
781
781
809
816
816
791
791
786
797
797
797
774
774
797
797
804
790
790
786
806
806
816
816
793
798
798
863
863
834
824
824
860
860
844
818
818
843
843
846
815
815
824
824
834
829
829
793
821
821
831
831
816
832
832
865
865
835
824
824
852
852
840
840
806
824
824
824
791
791
803
803
813
806
806
794
822
822
832
832
803
820
820
826
826
783
809
809
666
744
741
741
747
761
761
738
748
748
768
761
761
755
806
806
822
822
810
839
839
821
821
796
813
813
783
783
755
743
750
750
746
762
762
765
742
742
762
773
773
770
770
761
801
801
823
800
800
824
824
855
839
839
819
819
844
824
824
809
809
822
833
833
825
825
812
836
836
843
843
809
841
841
842
842
819
804
804
831
831
834
802
802
822
826
826
792
792
808
821
821
799
799
786
809
809
809
784
784
798
789
789
767
767
746
745
747
747
760
794
794
831
831
819
823
823
801
801
831
798
798
801
801
774
791
791
796
793
793
771
800
800
811
811
783
789
789
794
777
777
755
763
763
773
756
756
777
777
792
783
783
786
809
809
806
806
777
797
797
806
779
779
793
800
800
769
769
765
768
768
768
749
749
769
785
785
769
896
896
671
802
802
788
788
822
833
833
796
796
832
825
825
793
808
808
803
803
768
784
784
798
782
782
807
807
836
840
840
823
823
847
846
846
805
805
832
834
834
794
794
806
817
817
785
801
801
780
759
759
737
752
752
735
758
758
771
763
763
746
771
771
769
750
750
771
784
784
767
767
781
800
800
774
757
757
732
728
728
720
737
737
751
742
742
763
777
777
763
758
758
778
776
776
761
788
788
800
800
775
794
794
812
780
780
793
793
812
800
800
785
817
817
829
829
800
815
815
808
808
808
814
814
825
798
798
814
814
818
785
785
780
800
800
809
809
780
815
815
827
810
810
834
834
833
812
812
813
813
833
820
820
802
802
828
808
808
787
804
804
809
809
781
793
793
807
794
794
795
795
810
810
810
780
802
802
809
809
801
790
790
813
786
786
803
803
814
794
794
783
808
808
801
801
771
800
800
803
779
779
799
813
813
785
785
786
804
804
802
776
776
802
802
819
807
807
794
830
830
821
821
793
807
807
813
813
785
777
777
782
773
773
751
764
764
773
764
764
771
816
816
830
830
792
806
806
806
806
777
769
769
792
789
789
765
783
783
806
788
788
808
808
832
804
804
810
810
823
787
787
785
784
784
763
753
753
760
756
756
740
761
761
767
753
753
756
771
771
779
779
766
782
782
796
768
768
765
771
771
767
753
753
765
771
771
747
739
739
705
698
698
718
723
720
720
718
709
709
717
706
706
699
687
683
683
691
711
723
723
720
735
735
768
771
771
758
758
785
812
812
805
781
781
819
819
832
807
807
826
826
840
816
816
797
797
812
803
803
809
762
762
804
804
777
797
797
813
787
787
787
795
795
776
776
777
797
797
796
771
771
804
814
814
786
786
797
802
802
767
761
761
770
761
761
756
788
788
813
813
782
813
813
834
834
804
804
804
812
794
794
771
771
787
792
792
768
773
773
783
814
814
783
783
810
821
821
797
799
799
814
814
814
779
779
801
806
806
784
784
765
782
782
786
768
768
783
807
807
817
817
805
825
825
828
828
798
801
801
815
817
817
794
794
823
833
833
815
815
813
832
832
826
826
796
805
805
825
814
814
787
787
819
825
825
797
808
808
811
811
789
787
787
801
797
797
771
771
789
815
815
771
758
758
743
724
724
711
701
707
707
735
734
734
712
711
711
718
727
747
747
751
734
734
753
763
763
742
750
750
754
755
755
734
754
754
757
744
744
748
824
824
793
793
800
820
820
798
798
800
823
823
803
803
787
804
804
798
775
775
792
794
794
778
778
790
809
809
811
796
796
823
823
831
803
803
829
829
830
792
792
772
761
761
749
773
773
769
761
761
771
762
762
745
729
729
717
701
701
734
650
708
708
724
770
770
773
752
752
778
786
786
760
760
764
776
776
767
751
751
772
796
796
804
788
788
813
813
827
793
793
761
771
771
765
765
777
793
793
781
774
774
791
801
801
786
786
778
788
788
787
767
767
771
785
785
772
747
747
771
687
687
707
696
688
688
677
695
695
765
768
768
800
830
830
800
800
797
813
813
807
807
788
798
798
813
789
789
804
804
831
830
830
823
823
880
878
878
879
879
901
901
910
910
862
876
876
868
868
837
843
843
854
854
859
859
831
847
847
850
850
846
810
810
822
822
796
794
794
778
750
750
748
758
758
748
776
776
784
763
763
775
787
787
774
756
756
765
757
757
733
736
736
758
765
765
751
767
767
773
762
762
753
753
778
797
797
769
770
770
756
757
757
749
753
753
756
735
735
752
729
729
750
731
731
745
754
754
746
735
735
758
766
766
756
757
757
782
791
791
768
769
769
790
790
786
768
768
780
791
791
780
766
766
782
786
786
770
770
775
788
788
784
760
760
775
764
764
744
759
759
768
756
756
745
758
758
758
758
758
718
717
717
699
697
696
696
705
729
729
727
746
746
773
777
777
760
761
761
742
728
728
734
742
742
726
721
721
734
738
738
727
714
718
718
716
703
703
703
698
691
691
683
685
685
696
717
739
739
748
738
738
792
792
819
795
795
816
781
781
833
833
770
774
774
769
753
753
762
774
774
784
778
778
803
803
804
783
783
762
740
740
730
738
738
739
735
735
729
729
729
737
722
732
732
737
727
727
740
764
764
771
763
763
796
796
817
783
783
791
793
793
770
770
753
758
758
759
747
660
660
856
856
751
751
751
773
785
785
761
781
781
786
772
772
767
775
775
771
771
749
753
747
747
735
734
734
739
754
754
748
781
781
795
795
785
774
774
791
790
790
767
777
777
771
754
754
761
761
761
750
741
741
761
763
763
745
768
768
759
759
744
767
767
765
749
749
767
777
777
771
751
751
759
762
762
739
741
741
756
772
772
761
791
791
815
815
809
805
805
819
819
823
784
784
788
782
782
762
754
754
763
774
774
759
777
777
801
801
799
783
783
812
834
834
809
809
803
803
803
838
838
789
800
800
798
791
791
760
772
772
774
774
767
768
768
790
801
801
784
799
799
806
806
796
780
780
799
793
793
764
761
761
772
763
763
751
766
766
780
780
771
777
777
802
799
799
782
792
792
783
783
758
767
767
762
736
736
744
758
758
733
733
744
744
745
730
730
747
759
759
742
754
754
767
757
757
757
757
773
765
765
747
752
752
751
737
737
727
743
748
748
733
735
735
756
748
748
733
753
753
754
744
744
765
783
783
769
769
771
788
788
770
757
757
769
749
749
726
847
847
607
705
702
702
701
716
716
727
745
745
730
738
738
749
750
750
738
751
751
769
745
745
756
780
780
788
762
762
775
782
782
784
784
759
769
769
778
754
754
760
779
779
773
751
751
761
780
780
782
773
773
793
793
785
768
768
789
779
779
804
787
787
801
801
773
753
753
754
750
750
738
724
724
738
745
733
733
720
729
729
730
719
719
713
715
715
717
707
709
709
713
702
702
699
710
718
718
715
721
721
733
746
746
741
765
765
781
767
767
741
743
743
715
709
709
711
715
724
724
665
682
682
672
656
660
653
653
648
642
643
643
634
633
633
627
627
620
614
617
610
604
604
597
593
587
591
588
594
594
604
611
618
630
630
641
643
649
649
648
650
646
638
638
645
639
634
634
637
633
634
630
630
627
626
621
621
621
611
622
597
602
596
596
592
591
595
591
586
580
580
578
573
574
571
569
567
567
567
566
564
560
563
569
583
593
593
608
613
615
620
620
619
612
615
613
613
613
603
604
603
598
595
595
596
600
604
608
622
622
631
643
658
658
674
683
691
691
661
661
661
715
654
659
659
658
647
635
619
619
620
608
604
601
599
599
604
612
612
615
614
614
615
622
616
621
621
614
609
602
599
599
589
587
584
575
576
572
566
566
566
563
564
562
560
565
566
570
570
573
576
591
604
609
615
615
625
631
609
609
649
638
639
637
637
644
654
664
664
665
680
683
683
678
683
683
697
711
705
705
700
718
718
730
720
720
731
730
730
728
717
727
727
731
725
725
730
744
744
735
719
719
709
719
719
716
710
683
683
688
719
719
751
742
742
772
775
775
751
747
747
773
732
732
740
737
737
721
736
736
750
742
742
773
801
801
774
797
797
803
803
765
812
812
833
793
793
830
830
877
825
825
895
895
900
900
810
779
779
773
751
751
748
789
789
872
872
852
830
830
827
827
773
768
768
721
719
719
698
748
613
613
674
662
660
651
651
646
643
638
638
633
637
640
646
646
646
648
663
663
681
697
694
694
689
649
683
683
674
782
782
623
731
704
704
766
620
620
708
646
607
663
663
873
873
716
716
716
811
739
739
360
301
413
386
444
344
278
349
395
359
359
359
359
359
359
359
359
0
0
149
149
149
149
149
0
0
0
0
0
0
0
0
0
0
0
0
0
0
0
0
0
0
0
0
849
849
849
849
849
0
0
0
0
0
1500
1500
1500
1500
1500
1500
1500
1500
0
0
0
0
0
0
0
0
0
0
0
350
350
350
350
350
0
0
0
0
1500
1500
1500
1500
1500
1500
1500
1500
1500
1500
1500
1500
0
758
758
758
758
758
0
0
0
0
0
0
0
0
0
0
0
0
0
0
0
0
0
0
0
961
961
961
961
961
0
0
0
0
0
0
0
0
0
0
0
670
670
670
670
670
0
0
0
0
0
0
0
0
0
0
0
0
0
0
0
1641
1641
1641
1641
1641
1641
1641
1641
1641
0
0
0
0
0
0
0
0
0
0
0
0
0
0
0
0
0
0
0
0
0
0
0
0
0
0
0
0
0
140
140
140
140
140
140
140
140
140
140
0
0
0
0
0
0
0
0
461
461
461
461
461
0
960
960
960
960
960
0
0
0
0
0
0
0
0
0
0
0
0
0
0
0
0
0
0
0
0
0
0
0
0
0
0
2242
2242
2242
2242
2242
1642
1642
1642
139
842
842
842
842
842
842
0
0
0
0
0
0
0
0
0
0
0
0
0
0
0
0
0
0
0
0
0
0
0
0
0
0
0
0
1530
1530
1530
1000
1000
1000
1000
1000
1000
1000
1000
1000
1000
1000
1000
1000
1000
1000
1000
1000
0
0
781
418
418
418
418
418
418
418
418
418
418
418
418
418
418
418
418
0
0
0
0
0
0
0
0
0
0
0
0
0
0
0
0
0
0
0
0
0
0
0
0
0
0
0
0
0
0
0
0
0
0
0
0
0
0
0
0
0
0
0
180
180
180
180
180
0
0
0
0
0
249
249
249
249
249
0
971
971
809
809
809
809
809
809
809
0
0
0
0
229
229
229
229
229
229
229
229
229
229
0
0
0
0
0
0
0
0
0
0
0
0
0
0
0
0
0
0
0
0
0
0
51
51
51
51
51