619
619
622
629
638
640
640
646
649
640
640
631
628
617
608
603
603
619
570
579
575
574
573
573
566
565
567
569
569
568
580
593
593
604
619
635
635
635
629
638
640
640
633
627
620
623
623
611
614
609
610
608
608
616
618
624
630
630
637
638
638
638
644
636
630
630
630
628
621
611
611
611
608
603
600
604
608
608
628
643
674
689
689
685
695
695
695
697
697
677
653
643
635
635
629
616
606
603
603
605
611
615
633
648
648
674
686
686
718
717
705
705
695
695
695
682
667
662
662
658
654
648
648
649
659
663
663
670
686
710
710
712
708
708
720
719
704
704
693
697
697
689
682
682
682
695
689
689
686
691
694
694
681
682
689
689
682
683
688
688
685
670
670
667
655
650
646
646
653
637
641
641
640
631
633
628
628
630
637
636
635
635
639
638
637
632
632
635
629
621
623
623
623
618
614
621
621
621
623
623
630
630
633
642
644
644
639
652
644
633
633
629
625
613
615
615
609
601
601
593
587
588
588
577
575
577
581
585
591
591
599
602
608
621
632
632
627
636
641
641
629
638
630
627
627
617
612
610
619
619
621
613
616
608
595
595
595
606
618
521
578
576
576
575
568
569
566
558
560
556
550
545
545
546
540
535
537
536
532
535
536
541
548
556
562
562
568
565
574
577
575
579
574
574
575
573
575
571
574
577
577
583
590
590
596
604
604
604
602
603
601
597
597
599
596
605
600
600
600
604
646
613
612
612
607
607
606
606
604
604
603
598
601
596
594
594
597
602
604
608
615
615
615
614
611
600
599
599
594
584
574
576
570
562
562
563
563
563
569
578
581
589
589
604
617
618
618
618
631
640
646
638
638
646
649
647
647
640
652
655
655
654
648
656
659
659
657
638
634
634
629
629
627
637
637
640
646
659
659
677
675
669
669
678
683
665
665
667
669
667
667
662
668
693
693
707
699
699
701
727
727
742
722
722
720
742
733
733
718
729
729
733
718
718
725
746
746
729
751
751
755
761
761
735
749
749
748
736
736
725
744
744
742
719
730
730
740
720
720
703
720
720
720
697
706
706
712
705
705
697
712
712
708
701
713
713
719
705
705
710
704
689
689
688
694
694
688
682
689
689
693
685
681
681
701
724
724
699
769
769
773
793
793
763
783
783
801
801
766
777
777
757
728
728
721
718
719
719
713
710
710
705
703
705
705
702
699
699
684
680
680
680
680
675
678
678
675
672
665
665
669
663
652
652
647
639
641
633
633
637
633
647
647
646
656
646
646
646
653
651
646
646
641
636
646
646
646
654
658
658
658
665
662
666
666
673
670
668
668
664
665
656
656
649
646
643
643
639
634
635
630
630
632
627
623
623
623
623
618
614
614
614
609
614
609
613
615
615
617
618
631
645
645
654
655
669
669
646
719
683
683
698
689
689
680
682
681
681
670
666
676
676
683
678
673
673
688
698
698
696
694
724
724
734
720
720
728
739
739
735
717
717
733
738
738
724
736
736
755
737
737
730
749
749
754
732
732
739
757
757
762
740
740
760
783
783
777
763
763
776
787
787
761
774
774
793
793
778
759
759
781
766
766
752
768
768
767
738
738
741
749
749
746
733
733
758
750
750
731
743
743
734
720
715
715
712
708
708
712
666
517
658
658
584
640
640
640
640
640
640
640
0
0
0
0
0
1889
1889
1889
1889
1889
1889
0
0
0
0
1718
252
252
252
252
252
0
0
0
0
0
2120
2120
2120
2120
698
698
702
691
1376
1376
664
646
630
634
647
675
675
688
715
792
792
803
770
770
809
809
806
768
768
781
783
783
757
741
741
744
738
738
717
739
739
750
753
753
750
784
784
801
766
766
777
777
784
767
767
799
814
814
793
793
790
812
812
794
781
781
801
801
794
771
771
805
812
812
769
786
786
788
788
766
782
782
797
795
795
790
802
802
798
798
781
813
813
819
782
782
810
810
825
805
805
792
816
816
783
783
798
806
806
787
786
786
803
803
787
780
780
786
780
780
756
733
733
725
724
724
742
759
759
755
802
802
825
800
800
807
807
820
790
790
769
783
783
766
766
751
770
770
773
757
757
795
821
821
792
807
807
835
835
808
804
804
799
799
796
771
771
786
788
788
775
755
755
769
770
770
753
777
777
789
789
768
782
782
793
783
783
770
790
790
789
789
765
779
779
783
763
763
769
777
777
775
764
764
759
774
774
763
758
758
784
784
801
780
780
790
811
811
812
812
794
806
806
817
802
802
800
800
798
794
794
771
783
783
795
795
781
777
777
797
823
823
804
804
854
875
875
866
866
839
855
855
825
825
795
814
814
813
813
806
799
799
816
813
813
781
781
811
841
841
826
826
819
845
845
848
848
806
817
817
822
822
826
794
794
811
818
818
796
796
813
823
823
798
768
768
773
773
762
781
781
795
805
805
781
803
803
823
823
804
818
818
836
836
804
836
836
870
870
852
835
835
853
853
843
801
801
807
807
815
796
796
793
829
829
860
860
849
849
881
844
844
894
894
858
858
851
808
808
811
813
813
782
782
800
809
809
794
792
792
826
826
838
804
804
815
824
824
806
806
804
819
819
799
799
781
800
800
791
770
770
799
805
805
788
788
812
836
836
807
807
827
843
843
826
826
821
857
857
835
835
831
793
793
825
825
794
795
795
798
789
789
773
801
801
816
816
809
829
829
861
861
846
838
838
867
867
851
816
816
841
841
853
853
814
836
836
842
809
809
817
817
823
814
814
803
803
827
822
822
796
815
815
831
831
809
817
817
835
835
821
798
798
822
822
824
797
797
805
806
806
799
799
792
817
817
823
813
813
843
843
831
808
808
833
833
816
793
793
815
815
820
792
792
798
797
797
784
772
772
794
794
811
795
795
798
814
814
811
811
781
803
803
807
781
781
788
788
805
791
791
780
859
859
832
832
808
846
846
847
847
818
834
834
833
833
790
795
795
800
800
782
773
773
797
785
785
771
806
806
799
786
786
815
815
813
786
786
809
809
802
776
776
791
790
790
765
776
776
784
780
780
765
765
792
792
792
771
791
791
783
895
895
820
820
840
840
858
846
846
813
813
841
840
840
803
803
814
825
825
804
805
805
830
830
818
807
807
824
824
840
837
837
839
839
845
813
813
802
802
793
781
781
771
759
759
757
746
746
734
716
716
723
708
697
697
706
696
697
697
710
687
687
702
695
692
692
698
699
699
697
687
688
688
695
703
698
698
706
752
752
777
767
767
808
808
838
806
806
793
793
820
813
813
776
798
798
804
804
783
778
778
807
819
819
792
792
806
823
823
813
813
789
812
812
817
790
790
811
811
805
805
805
799
817
817
791
791
794
809
809
787
776
776
806
806
794
768
768
793
809
809
780
801
801
830
830
813
789
789
811
811
813
781
781
793
805
805
800
800
787
819
819
829
793
793
776
776
807
806
806
772
769
769
808
835
835
828
828
788
804
804
833
833
807
774
774
805
812
812
808
808
785
812
812
828
828
806
782
782
806
812
812
779
767
767
790
790
809
787
787
802
858
858
853
853
805
822
822
796
796
771
768
768
761
771
771
788
790
790
764
798
798
824
824
826
805
805
840
840
812
868
868
851
851
875
875
844
835
835
877
877
872
826
826
869
869
909
909
855
857
857
864
864
825
830
830
835
835
807
822
822
799
799
798
788
788
775
797
797
826
819
819
843
843
853
853
813
828
828
815
788
788
781
781
803
810
810
785
786
786
808
808
841
806
806
822
855
855
843
843
819
819
855
883
883
838
838
858
883
883
877
877
834
834
878
905
905
875
875
858
858
904
904
921
864
864
908
908
950
950
907
907
902
902
931
902
902
858
858
903
903
915
915
853
867
867
882
882
847
874
874
816
816
849
822
822
849
849
850
823
823
831
831
863
849
849
814
814
796
798
798
812
812
816
813
813
783
828
828
856
856
846
854
854
886
886
851
851
852
859
859
828
828
834
862
862
841
841
813
836
836
852
852
822
819
819
824
824
814
826
826
798
798
804
787
787
766
769
769
757
777
777
790
768
768
777
806
806
815
815
786
816
816
827
827
803
826
826
853
853
855
819
819
853
853
864
877
877
840
840
839
839
863
846
846
816
816
850
863
863
832
832
854
875
875
843
843
844
844
849
824
824
796
816
816
827
827
811
837
837
879
879
856
856
847
877
877
866
866
822
830
830
832
832
799
809
809
828
828
839
808
808
827
855
855
842
842
841
841
868
870
870
830
830
838
833
833
796
796
793
804
804
808
790
790
820
820
862
823
823
881
881
863
863
889
856
856
845
845
859
839
839
805
805
823
828
828
814
814
812
854
854
852
852
817
839
839
856
856
824
796
796
799
783
783
806
806
812
781
781
803
803
803
773
773
786
791
791
767
763
763
794
793
793
772
804
804
840
840
801
834
834
838
838
858
821
821
825
825
853
853
844
812
812
833
846
846
816
816
814
845
845
839
839
817
849
849
861
861
825
825
851
877
877
851
851
874
893
893
870
870
868
868
903
903
925
874
874
894
894
910
910
904
904
896
932
932
945
945
914
914
896
896
929
929
895
895
867
918
918
925
925
886
886
903
903
932
911
911
874
874
912
912
939
939
913
913
879
905
905
896
896
845
852
852
844
844
804
797
797
816
816
819
797
797
834
854
854
822
822
844
857
857
824
824
844
844
815
804
804
824
820
820
800
800
827
820
820
801
815
815
817
817
790
804
804
828
828
816
802
802
830
830
849
829
829
840
840
873
880
880
853
853
890
890
912
912
897
881
881
909
909
913
913
872
872
899
919
919
894
894
910
910
940
940
928
928
900
937
937
950
950
947
947
901
901
929
929
938
938
918
911
911
955
955
960
960
910
910
951
951
962
962
923
923
896
932
932
952
952
919
919
878
878
894
888
888
837
837
861
861
878
838
838
878
878
900
900
858
857
857
870
870
827
834
834
837
837
815
840
840
809
812
812
799
799
827
841
841
811
811
833
849
849
832
832
849
842
842
802
802
821
807
807
784
775
775
770
766
766
788
788
789
772
772
804
816
816
785
785
792
804
804
785
780
780
806
806
806
785
785
808
825
825
798
798
806
818
818
807
791
791
815
815
804
785
785
804
821
821
795
795
786
821
821
830
830
804
805
805
847
840
840
811
811
839
851
851
825
825
828
859
859
879
879
850
850
896
896
931
931
931
880
880
915
915
940
940
956
956
913
913
938
938
953
930
930
923
923
928
928
1029
1029
929
929
950
950
984
984
938
938
898
920
920
937
937
901
901
903
903
930
930
913
887
887
946
946
979
979
945
945
957
957
987
987
956
956
897
897
934
938
938
913
913
878
878
901
901
915
918
918
889
889
952
952
991
991
952
952
940
940
997
997
963
963
913
913
941
960
960
944
944
886
886
895
895
916
916
928
883
883
909
909
942
942
947
947
888
888
876
885
885
860
860
826
856
856
860
860
829
859
859
872
872
835
835
854
861
861
828
828
829
848
848
825
825
802
833
833
831
808
808
816
816
844
844
844
825
825
865
873
873
844
844
871
871
897
897
876
870
870
922
922
939
939
895
895
900
925
925
939
939
900
900
952
952
970
970
955
955
907
907
949
949
968
968
946
931
931
956
956
972
972
916
916
936
936
964
964
1273
1273
1273
943
943
942
942
914
914
896
896
912
912
920
877
877
861
861
896
896
923
923
925
884
884
905
905
904
904
870
838
838
851
851
834
808
808
840
840
858
837
837
857
857
869
869
835
829
829
834
813
813
797
797
818
796
796
775
794
794
803
803
777
817
817
837
827
827
813
813
857
884
884
853
853
861
861
878
878
889
861
861
900
900
925
925
897
897
896
914
914
942
942
903
903
913
913
936
936
960
960
909
911
911
924
924
940
940
898
898
917
917
936
909
909
895
895
918
918
930
930
918
918
940
975
975
931
931
896
896
933
933
923
923
880
880
872
913
913
947
947
908
908
913
913
955
955
952
952
879
909
909
932
932
924
924
887
887
914
932
932
940
940
901
901
911
911
926
926
917
860
860
883
883
890
890
900
867
867
919
919
959
959
949
949
895
895
938
938
952
914
914
872
872
883
883
873
849
849
869
869
933
933
965
965
925
925
949
949
968
920
920
907
907
923
923
892
892
842
842
842
845
845
839
815
815
848
848
796
820
820
801
779
779
777
786
786
777
768
768
787
787
785
769
769
777
785
785
771
768
768
787
782
782
767
767
756
770
770
790
813
813
838
838
814
836
836
863
863
824
822
822
850
850
849
822
822
862
862
891
891
875
861
861
908
908
951
951
921
921
948
948
978
978
945
945
961
982
982
935
935
880
880
919
919
940
940
940
940
999
999
1030
1030
1021
1021
956
956
985
985
963
963
916
919
919
936
936
920
920
885
885
924
924
931
936
936
895
895
908
908
934
934
951
951
916
945
945
971
971
939
939
925
925
950
950
942
942
890
890
919
925
925
905
905
846
846
878
887
887
840
840
864
864
897
858
858
884
884
893
893
848
871
871
871
871
831
844
844
838
838
815
801
801
822
822
831
813
813
852
852
901
931
931
889
889
935
935
965
965
944
944
903
903
960
960
979
979
935
935
976
976
947
934
934
907
907
958
958
1012
1012
969
969
1008
1008
1011
1011
982
982
901
901
933
933
949
949
914
947
947
994
994
968
968
915
915
948
948
959
959
925
925
925
925
965
971
971
918
918
939
939
940
940
906
906
907
907
921
903
903
884
884
893
893
906
906
829
850
850
888
888
906
889
889
918
918
925
925
881
881
867
928
928
953
953
879
879
868
868
864
836
836
811
811
805
808
808
782
767
767
771
770
770
748
737
737
743
742
742
744
734
734
765
762
762
766
771
771
813
838
838
806
806
845
807
807
908
908
829
829
871
849
849
812
812
843
847
847
806
806
831
846
846
845
845
816
865
865
902
902
881
881
877
938
938
945
945
893
893
931
931
947
947
901
901
924
924
946
946
908
960
960
977
977
927
927
923
923
969
969
928
928
1005
1005
955
955
1178
1178
988
988
1054
1054
1066
1066
972
972
937
937
967
967
975
975
927
927
951
951
983
983
1015
1015
950
950
946
946
931
871
871
876
876
892
892
850
838
838
872
872
875
838
838
863
863
870
829
829
846
846
827
797
797
795
798
798
782
782
809
753
753
776
771
771
799
808
808
792
792
827
854
854
829
829
845
878
878
861
861
845
845
870
879
879
851
851
896
896
938
938
909
929
929
959
959
915
915
943
943
973
973
976
976
915
915
931
931
914
881
881
907
907
944
944
947
947
909
909
924
1029
1029
1029
928
895
895
924
924
943
943
906
906
912
946
946
939
939
876
876
873
873
871
847
847
838
838
870
854
854
823
823
851
846
846
811
811
826
814
814
782
782
790
784
784
760
769
769
786
790
790
778
827
827
869
869
878
878
851
835
835
1060
1060
941
941
944
944
983
983
959
959
938
938
983
983
978
978
913
913
935
935
969
969
998
998
946
1016
1016
1016
1051
1051
998
998
908
909
909
909
909
862
862
869
888
888
858
858
849
869
869
863
863
825
845
845
836
836
806
822
822
826
826
833
770
770
811
798
798
789
789
815
831
831
814
814
835
890
890
934
934
902
902
949
949
983
983
955
955
938
938
985
985
950
950
896
897
897
931
931
955
955
924
924
976
976
1014
1014
970
970
938
938
982
982
1004
1004
965
965
956
974
974
973
973
947
947
935
935
947
947
880
880
919
929
929
933
933
890
890
960
960
954
954
916
916
905
953
953
970
970
916
916
925
925
957
957
952
952
913
913
898
921
921
933
933
899
899
912
912
921
921
895
880
880
900
900
876
876
898
926
926
920
920
938
938
938
938
905
905
885
894
894
916
916
895
895
871
871
916
946
946
941
941
927
927
947
947
922
922
880
880
873
885
885
928
928
927
927
864
860
860
868
868
856
856
827
862
862
953
953
995
995
952
952
1025
1025
1039
1039
946
946
900
900
915
915
939
801
801
852
852
871
879
879
847
847
896
896
966
966
987
987
919
976
976
1004
1004
1004
958
915
915
952
952
976
976
893
893
848
866
866
894
894
938
938
903
903
965
965
1029
1029
1046
1046
979
979
967
967
978
978
1000
1000
938
938
934
952
952
964
964
932
932
891
891
938
938
965
965
954
954
902
959
959
975
975
928
928
970
970
997
997
997
997
934
934
952
952
979
979
955
955
927
927
968
968
985
985
937
916
916
957
957
984
984
936
936
917
917
951
951
965
965
905
933
933
961
961
952
952
945
945
943
943
1013
1013
971
971
926
926
949
949
931
886
886
866
866
889
889
891
867
867
913
913
942
942
942
942
898
898
925
938
938
903
903
928
928
967
967
961
961
916
916
961
961
975
975
951
919
919
913
913
932
932
932
932
896
896
941
928
928
956
956
920
920
950
950
938
938
894
894
876
922
922
938
938
895
895
873
873
937
967
967
919
919
899
899
965
965
975
975
946
946
882
882
896
899
899
886
886
842
842
852
890
890
939
939
916
916
930
930
974
974
939
939
906
955
955
971
971
940
940
900
900
945
945
895
895
865
897
897
914
914
849
849
842
869
869
889
889
858
847
847
896
896
939
939
920
920
880
925
925
945
945
951
951
890
890
903
903
938
938
955
955
889
913
913
914
914
872
872
892
906
906
887
887
858
858
904
892
892
910
910
866
866
918
918
959
959
936
936
909
965
965
952
952
911
911
954
954
963
963
913
913
866
861
861
865
865
878
878
861
841
841
914
914
965
965
925
925
935
968
968
955
955
898
898
921
921
916
916
883
883
853
878
878
882
882
886
853
853
866
866
900
900
899
859
859
893
893
905
905
891
891
868
914
914
937
937
919
919
870
870
884
908
908
914
914
880
880
849
872
872
884
884
860
860
832
865
865
889
889
888
888
854
911
911
935
935
933
933
894
894
920
920
956
956
921
885
885
910
910
922
922
896
896
865
904
904
905
905
862
862
854
895
895
926
926
909
909
889
889
919
928
928
917
917
883
883
910
910
936
936
928
889
889
854
854
898
898
889
885
885
855
855
854
854
876
883
883
857
857
832
837
837
833
833
788
740
740
811
645
770
770
806
806
777
808
808
833
833
789
771
771
797
788
788
762
762
762
768
750
750
738
726
726
733
721
721
709
701
687
687
684
674
680
680
676
672
670
670
677
684
692
692
694
688
688
680
683
691
691
695
702
705
705
711
742
742
775
726
726
843
843
768
806
806
821
821
806
781
781
810
828
828
805
805
788
829
829
849
849
831
808
808
850
850
865
842
842
870
870
914
914
903
903
856
892
892
906
906
873
873
860
894
894
923
923
875
875
922
922
975
975
931
931
878
918
918
957
957
892
892
935
935
979
979
952
952
926
999
999
993
993
993
938
983
983
986
986
899
899
904
904
931
931
895
882
882
953
953
1007
1007
946
946
992
992
1040
1040
990
990
913
913
935
935
950
950
902
902
910
970
970
992
992
931
931
1007
1007
1008
1008
974
974
949
949
994
994
994
994
920
920
910
910
913
895
895
861
861
929
929
974
974
974
974
955
955
1007
1007
991
991
903
898
898
911
911
888
888
857
902
902
945
945
908
908
929
929
954
954
913
913
873
937
937
977
977
939
939
948
948
970
970
945
945
900
900
916
941
941
951
951
914
914
924
924
926
926
890
851
851
874
874
887
887
887
867
867
958
958
1008
1008
994
994
935
935
968
968
967
967
920
920
919
919
931
896
896
859
859
883
883
914
918
918
871
871
921
921
945
945
931
931
875
907
907
903
903
937
937
883
883
928
928
955
940
940
897
897
908
908
918
918
889
889
870
912
912
927
927
882
882
904
904
927
937
937
884
884
908
908
967
967
990
990
966
966
949
949
979
979
999
999
962
962
952
952
966
926
926
872
872
870
870
917
857
857
852
852
880
880
913
897
897
873
873
933
933
962
962
918
918
891
926
926
931
931
879
879
903
903
920
920
912
885
885
935
935
936
936
890
890
847
877
877
903
903
925
925
886
918
918
941
941
914
914
879
879
917
917
935
935
901
896
896
917
917
928
928
879
879
877
897
897
908
908
866
866
892
919
919
926
926
878
878
915
915
933
933
903
876
876
899
899
918
918
868
838
838
858
858
879
879
878
858
858
905
905
956
956
969
969
921
921
981
981
1005
1005
948
948
878
899
899
900
900
918
918
809
908
908
955
955
948
948
880
880
911
911
914
880
880
849
849
888
888
914
916
916
934
934
972
972
959
959
899
899
906
906
927
940
940
890
890
912
912
957
957
953
953
904
904
959
959
981
981
966
922
922
968
968
953
953
923
923
943
943
770
859
859
826
826
887
893
893
858
858
907
907
884
847
847
877
877
867
867
832
841
841
816
816
797
780
780
771
749
749
739
744
740
740
736
732
732
763
783
783
774
791
791
818
818
805
817
817
846
846
836
822
822
845
845
858
858
835
833
833
953
953
919
919
875
875
930
956
956
922
922
917
917
961
961
980
980
934
934
973
973
998
998
973
973
951
951
984
984
973
973
908
926
926
940
940
943
943
902
902
983
983
1021
1021
945
945
909
909
949
990
990
921
921
950
950
979
979
967
967
925
925
954
954
979
979
944
944
958
958
939
912
912
877
877
907
907
944
944
972
972
934
934
947
972
972
936
936
886
886
941
941
953
953
935
935
880
925
925
954
954
972
972
892
892
868
868
889
909
909
875
875
910
910
947
947
966
966
940
940
930
965
965
897
897
884
884
889
889
888
857
857
883
883
910
910
928
886
886
899
899
936
936
944
944
925
925
893
929
929
970
970
952
952
888
888
880
880
890
874
874
845
845
883
883
938
938
968
968
925
984
984
1000
1000
1000
1000
948
948
948
948
938
938
873
873
828
834
834
832
832
836
820
820
861
861
928
968
968
968
928
995
995
1012
1012
1012
972
912
912
916
916
926
926
896
896
868
934
934
976
976
951
951
899
899
959
959
962
962
936
936
880
909
909
931
931
942
942
888
888
943
943
924
1030
1030
1030
954
954
1021
1021
1002
1002
949
949
953
973
973
968
968
906
906
930
930
953
953
939
939
899
889
889
918
918
960
960
914
914
863
879
879
905
905
919
919
871
871
906
960
960
959
959
919
919
991
991
1000
1000
945
945
971
971
981
981
964
964
916
916
955
955
953
953
917
948
948
971
971
974
974
956
956
939
939
970
970
975
975
946
946
898
898
916
926
926
930
930
888
888
917
917
955
955
903
863
863
907
907
896
896
846
856
856
839
839
813
823
823
810
792
792
814
814
821
803
803
807
822
822
800
800
794
837
837
879
879
882
882
893
960
960
972
972
928
928
968
968
1010
1010
972
972
910
910
931
931
950
950
924
924
898
967
967
1028
1028
1028
981
924
924
979
979
1010
1010
964
964
954
954
970
970
926
926
885
885
922
955
955
939
939
937
937
965
965
993
993
999
999
957
957
972
972
992
992
968
968
941
941
949
949
943
943
913
957
957
988
988
963
963
927
927
955
955
960
960
929
929
880
940
940
960
960
930
930
899
899
925
925
900
856
856
878
878
890
890
856
883
883
885
885
1035
1035
926
926
936
936
867
866
866
855
855
836
815
815
788
788
775
782
782
776
765
765
807
832
832
830
830
829
890
890
943
943
898
898
937
937
976
976
919
919
917
917
967
967
1011
1011
928
944
944
962
962
957
957
883
883
927
927
972
972
1095
1095
827
827
960
960
979
942
942
961
961
1000
1000
987
987
932
932
949
949
979
979
955
955
933
933
949
949
919
861
861
858
858
859
853
853
835
835
863
863
835
840
840
865
865
858
827
827
845
845
859
816
816
830
830
823
801
801
797
803
803
830
830
803
843
843
881
881
921
921
899
950
950
964
964
935
935
897
897
932
932
956
956
931
931
955
955
973
973
963
963
907
920
920
940
940
964
964
939
939
957
957
990
990
1000
1000
950
950
985
985
1018
1018
1002
1002
925
925
909
907
907
864
864
923
923
794
888
888
869
869
943
943
1045
1045
991
991
969
969
998
998
979
979
901
901
908
896
896
850
850
838
841
841
838
838
813
834
834
834
834
804
829
829
843
814
814
817
817
851
854
854
823
823
844
844
844
802
802
807
784
784
771
763
763
814
814
662
764
760
760
764
805
805
826
826
813
874
874
935
935
934
934
883
883
922
922
952
952
911
903
903
958
958
966
966
912
912
949
949
971
971
975
975
918
918
954
954
963
963
946
909
909
958
958
983
983
966
966
941
941
953
953
920
920
944
944
783
863
863
832
822
822
869
869
901
889
889
938
938
985
985
963
963
918
918
961
961
977
977
905
905
870
910
910
945
945
931
931
900
900
931
931
944
944
901
896
896
934
934
970
970
932
932
984
984
1018
1018
988
988
916
916
902
913
913
911
911
874
874
932
932
979
979
1001
1001
952
952
986
986
1004
1004
973
973
905
936
936
981
981
948
948
879
879
893
893
910
890
890
868
868
910
910
980
980
1017
1017
959
959
988
988
995
995
975
975
928
928
946
931
931
898
898
857
857
890
910
910
983
983
942
942
1031
1031
1020
1020
979
979
907
907
912
912
937
937
934
934
898
979
979
1021
1021
966
966
941
941
989
989
1009
1009
947
947
885
885
900
900
890
860
860
892
892
957
957
1016
1016
965
965
1003
1003
1021
1021
995
995
931
931
950
950
949
949
960
960
884
918
918
919
919
913
913
865
881
881
923
923
968
968
926
926
957
957
996
996
994
994
938
938
955
955
979
979
980
980
933
912
912
938
938
959
959
932
932
906
906
959
959
996
996
955
976
976
957
957
906
906
849
849
783
804
804
866
705
705
782
769
769
768
772
772
784
765
765
753
768
768
755
751
751
736
743
743
750
743
743
732
730
730
734
740
740
738
746
746
766
752
752
761
781
781
784
763
763
778
792
792
783
783
762
767
767
772
759
759
746
765
765
776
769
769
763
766
766
848
848
799
785
785
818
820
820
797
797
799
825
825
803
803
778
769
769
776
778
778
788
791
791
775
817
817
810
810
804
784
784
831
831
807
814
814
797
812
812
826
826
813
833
833
836
836
810
815
815
826
826
823
794
794
840
840
871
833
833
882
882
875
875
854
833
833
861
861
830
816
816
837
837
844
826
826
841
841
888
925
925
879
879
923
923
949
949
927
927
935
935
945
945
911
925
925
951
951
915
915
931
931
956
956
925
925
943
943
961
947
947
939
939
978
978
968
968
955
955
912
912
976
976
931
931
948
948
966
966
959
906
906
895
895
892
892
852
863
863
872
872
844
837
837
841
841
822
824
824
842
842
798
827
827
838
838
822
806
806
830
824
824
806
806
814
834
834
803
803
805
805
805
785
773
773
765
789
789
702
722
722
718
730
730
733
729
739
739
750
750
750
745
759
759
755
755
742
759
759
772
760
760
788
807
807
812
812
799
841
841
858
858
845
863
863
911
911
926
926
888
888
920
920
942
909
909
896
896
937
937
954
954
913
913
935
935
957
957
931
960
960
952
952
982
982
943
943
925
925
921
921
877
852
852
891
891
892
892
848
888
888
886
886
838
838
868
840
840
804
802
802
799
799
786
791
791
805
784
784
773
781
781
777
772
772
795
795
807
796
796
810
819
819
798
798
803
802
802
800
800
777
802
802
794
776
776
800
811
811
789
789
829
841
841
815
815
832
851
851
824
824
809
819
819
813
813
781
800
800
805
788
788
797
811
811
799
799
791
828
828
833
833
809
849
849
874
874
872
865
865
893
893
890
890
863
863
896
874
874
928
928
865
865
880
887
887
843
843
821
821
842
822
822
812
848
848
831
831
861
861
880
880
880
844
844
872
872
873
830
830
837
837
834
820
820
805
836
836
858
858
852
852
875
919
919
928
928
894
894
914
914
926
926
923
893
893
903
903
921
921
913
913
879
898
898
916
916
931
931
894
894
935
935
950
950
910
896
896
935
935
958
958
920
920
978
978
991
991
979
979
899
899
926
928
928
901
901
887
887
930
930
944
944
915
951
951
965
965
920
920
935
935
964
964
984
984
939
939
949
949
947
947
983
983
957
903
903
910
910
921
921
889
889
913
947
947
902
902
940
940
953
953
898
898
931
931
926
872
872
906
906
904
904
856
854
854
848
848
814
826
826
832
832
824
836
836
877
877
917
917
878
921
921
931
931
878
878
890
890
893
847
847
884
884
918
918
890
890
888
906
906
883
883
851
851
884
906
906
873
873
915
915
965
965
955
955
965
965
981
981
955
955
924
947
947
955
955
898
898
908
908
912
912
896
840
840
853
853
846
837
837
818
818
852
844
844
813
813
841
858
858
818
818
830
853
853
854
854
825
843
843
854
854
831
820
820
840
840
832
811
811
841
841
853
848
848
849
849
873
871
871
852
852
894
894
902
902
873
873
873
896
896
911
911
869
901
901
938
938
924
924
954
954
979
979
950
950
1241
1241
1241
677
962
962
922
922
920
884
884
840
840
861
861
861
834
834
863
882
882
874
874
857
857
886
853
853
837
837
849
829
829
803
803
818
817
817
794
794
790
810
810
822
810
810
824
824
858
889
889
871
871
909
909
933
933
933
933
900
997
997
870
870
964
964
919
919
917
917
947
947
956
956
896
940
940
946
946
926
926
910
910
958
958
989
989
948
948
947
947
942
942
926
904
904
877
877
911
911
919
919
942
915
915
926
926
939
939
917
917
867
846
846
866
866
881
881
819
820
820
856
856
799
805
805
836
822
822
801
801
816
813
813
784
771
771
773
787
787
790
790
778
774
774
802
810
810
795
816
816
847
847
830
813
813
856
856
856
856
811
835
835
839
839
810
807
807
814
784
784
792
790
790
777
777
767
775
775
784
784
784
776
790
790
820
820
821
801
801
831
831
855
867
867
821
821
845
862
862
848
848
828
847
847
829
829
827
842
842
834
834
821
830
830
840
840
847
836
836
859
859
884
884
885
884
884
915
915
913
913
886
886
923
923
914
886
886
902
902
897
897
912
912
882
915
915
917
917
884
884
894
894
909
897
897
891
891
953
953
979
979
946
946
966
966
977
977
933
933
873
890
890
883
883
836
853
853
887
887
887
887
875
948
948
1007
1007
1007
985
985
934
927
927
933
933
897
897
884
884
900
911
911
865
865
841
841
852
826
826
802
816
816
825
825
794
818
818
849
849
853
829
829
877
877
895
895
842
859
859
858
858
818
838
838
839
839
810
816
816
819
814
814
778
778
780
768
768
755
756
756
754
765
765
768
795
795
797
778
778
807
807
786
842
842
793
813
813
814
814
796
802
802
817
817
811
804
804
846
829
829
840
840
872
872
898
863
863
897
897
913
913
899
899
867
902
902
880
880
899
899
862
862
871
850
850
824
824
841
843
843
820
838
838
842
842
826
811
811
831
831
831
817
817
834
834
847
845
845
873
873
916
916
919
919
895
908
908
927
927
898
898
917
917
926
926
907
864
864
879
879
881
881
857
863
863
903
903
925
925
904
904
940
940
926
879
879
872
872
874
874
847
830
830
848
848
840
829
829
871
871
854
869
869
878
878
884
884
832
850
850
848
848
815
799
799
806
805
805
779
779
788
822
822
850
859
859
920
920
957
957
929
929
941
941
955
955
950
950
908
908
931
937
937
863
863
838
838
851
836
836
812
812
837
856
856
844
844
863
900
900
865
865
957
957
931
931
936
936
924
924
900
924
924
870
870
838
838
852
864
864
850
850
857
894
894
938
938
882
882
886
886
888
849
849
870
870
887
887
869
919
919
931
931
890
890
852
897
897
891
891
860
860
884
884
881
841
841
821
821
840
854
854
728
792
792
797
786
786
770
795
795
784
784
772
759
759
770
765
765
744
750
750
742
728
728
720
732
730
730
729
731
731
744
753
753
748
772
772
796
772
772
766
766
779
771
771
758
741
741
739
754
754
765
760
760
743
740
740
763
773
773
770
778
778
800
820
820
832
832
820
855
855
876
876
845
845
868
884
884
895
895
878
878
910
910
943
943
923
923
938
933
933
904
904
923
923
957
957
954
954
930
930
944
944
988
988
951
951
961
966
966
968
968
938
938
920
920
938
938
930
930
939
939
889
960
960
942
942
915
915
978
978
996
996
960
960
963
963
955
955
956
956
911
906
906
917
917
939
939
896
896
896
898
898
863
863
837
837
863
823
823
831
831
824
829
829
806
821
821
828
828
806
812
812
818
818
804
785
785
805
808
808
802
790
790
817
817
839
830
830
845
845
877
877
909
881
881
937
937
957
957
923
923
955
955
943
943
891
891
921
953
953
955
955
924
924
982
982
992
992
973
973
910
910
925
925
900
900
845
849
849
849
822
822
816
816
842
838
838
817
817
841
874
874
822
822
854
864
864
836
836
830
858
858
874
874
874
874
903
903
926
924
924
904
904
945
945
966
966
930
930
938
938
952
952
935
935
953
995
995
995
1000
1000
958
991
991
1023
1023
1023
972
966
966
952
952
931
931
884
884
904
904
932
896
896
911
911
948
948
943
943
900
900
918
919
919
881
881
883
883
917
917
931
931
901
950
950
963
963
917
917
900
900
931
931
944
944
912
922
922
937
937
924
924
889
889
914
914
940
945
945
902
902
940
940
957
957
913
913
937
937
970
970
940
944
944
974
974
975
975
946
946
942
942
961
961
958
958
917
917
933
933
901
863
863
823
823
842
865
865
869
869
863
942
942
977
977
934
934
958
958
966
966
931
931
907
907
931
931
913
913
852
845
845
843
838
838
816
816
850
893
893
863
863
885
885
904
904
940
935
935
878
878
934
934
971
971
937
937
898
898
921
937
937
899
899
894
894
927
927
946
946
895
911
911
926
926
901
901
869
869
915
938
938
940
940
893
893
940
940
939
939
899
899
911
943
943
918
918
928
928
962
962
977
977
934
934
928
928
966
966
975
975
936
934
934
959
959
980
980
896
896
872
872
924
924
989
989
961
986
986
1048
1048
1048
1017
1017
966
966
972
972
974
929
929
947
947
976
976
962
962
911
911
875
875
871
848
848
817
828
828
854
854
837
856
856
848
848
826
794
794
813
813
793
766
766
769
771
771
754
745
745
744
759
759
755
743
743
741
765
765
759
747
747
748
769
769
772
767
767
763
787
787
789
771
771
790
790
812
802
802
791
828
828
845
845
824
824
828
862
862
889
889
854
846
846
948
948
934
934
898
898
950
950
985
985
931
931
903
914
914
890
890
853
853
899
899
942
952
952
930
930
1004
1004
1005
1005
949
949
935
935
953
953
920
920
884
884
932
976
976
952
952
972
972
1031
1031
967
967
948
948
985
985
962
962
892
892
948
948
811
839
839
816
840
840
832
832
813
854
854
867
867
838
864
864
866
866
825
825
840
836
836
803
825
825
825
825
797
808
808
815
815
796
797
797
821
823
823
801
801
836
854
854
839
839
855
889
889
876
876
858
858
901
901
940
940
886
920
920
948
948
937
937
920
920
975
975
980
980
928
928
938
938
931
887
887
905
905
920
920
943
943
899
958
958
974
974
930
930
973
973
979
979
953
953
891
891
896
896
866
831
831
854
854
849
823
823
857
857
871
869
869
873
873
918
918
879
901
901
915
915
941
941
905
905
902
902
946
946
948
901
901
925
925
925
925
903
903
904
904
938
939
939
903
903
926
926
963
963
958
958
896
896
935
935
954
915
915
941
941
975
975
1021
1021
956
956
976
976
991
991
953
953
955
955
979
979
967
967
935
935
922
900
900
854
854
833
834
834
835
835
822
858
858
892
892
861
861
896
905
905
867
867
892
892
885
885
837
871
871
853
853
818
824
824
835
817
817
806
806
830
831
831
807
807
842
858
858
829
829
859
894
894
905
905
872
872
868
868
1031
1031
923
923
969
969
998
998
950
950
987
987
992
992
968
968
893
904
904
895
895
858
904
904
910
910
876
876
898
898
918
912
912
926
926
981
981
962
962
922
922
966
966
978
978
921
921
883
901
901
923
923
908
908
896
896
956
956
923
963
963
955
955
1003
1003
999
999
992
992
969
969
923
923
895
895
931
931
958
958
942
942
911
960
960
986
986
971
971
976
976
1016
1016
1020
1020
936
936
917
917
926
926
897
897
863
886
886
912
912
922
922
923
923
1027
1027
1029
1029
975
975
1022
1022
981
981
1034
1034
932
932
954
954
953
923
923
932
932
919
919
884
884
893
940
940
990
990
982
982
1054
1054
1054
1090
1090
1039
1039
1029
1029
1056
1056
1007
1007
943
943
970
970
927
927
925
896
896
945
945
980
980
987
987
958
958
1011
1011
1022
1022
1001
1001
941
941
957
957
958
958
917
917
901
898
898
856
856
834
876
876
926
926
875
875
921
921
949
949
889
926
926
934
934
865
865
888
883
883
829
829
829
836
836
836
836
805
835
835
842
842
820
834
834
871
871
883
883
854
899
899
918
918
907
907
885
885
1000
1000
973
973
939
939
956
967
967
928
928
933
933
971
971
982
982
943
943
1010
1010
1021
1021
972
972
980
980
1001
1001
983
983
947
947
982
982
1003
1003
994
994
951
951
994
994
1003
1003
979
979
912
931
931
937
937
952
952
905
905
945
945
941
941
1049
1049
957
957
962
962
1002
1002
971
971
918
953
953
973
973
963
963
929
929
976
976
1001
1001
955
955
938
938
998
998
1015
1015
961
961
1015
1015
1028
1028
1026
1026
967
967
977
977
971
971
940
940
911
926
926
945
945
950
950
914
914
947
947
941
941
1042
1042
979
979
1097
1097
1090
1090
1030
1030
1021
1021
1038
1038
985
985
978
978
1025
1025
1038
1038
995
995
1011
1011
1032
1032
1015
1015
1015
968
1001
1001
999
999
963
963
911
911
943
943
968
968
962
962
920
920
969
969
1015
1015
1041
1041
983
983
948
948
978
978
1048
1048
965
965
940
971
971
956
956
922
922
885
885
895
895
893
856
856
840
840
897
900
900
919
919
899
899
980
980
1011
1011
954
954
990
990
1010
1010
955
955
957
957
978
978
958
958
911
972
972
965
965
929
929
890
890
908
908
931
931
929
891
891
941
941
970
970
927
927
932
932
966
966
992
992
937
937
958
985
985
967
967
933
933
963
963
975
975
925
925
966
966
991
991
936
936
931
931
939
924
924
892
892
940
940
967
967
936
936
929
929
993
993
1001
1001
972
972
948
948
961
993
993
960
960
899
899
947
947
960
960
921
921
930
930
1001
1001
985
985
944
944
997
997
986
986
921
944
944
959
959
931
931
902
902
903
903
870
814
814
792
817
817
851
851
838
907
907
1005
1005
937
937
919
919
958
958
916
916
889
889
924
915
915
814
814
861
859
859
833
833
811
832
832
832
832
815
796
796
813
815
815
791
791
788
806
806
801
789
789
817
817
835
820
820
816
816
866
904
904
873
873
872
872
931
931
955
955
913
956
956
994
994
961
961
898
898
957
957
1006
1006
927
927
947
947
882
882
970
970
943
982
982
1032
1032
1032
996
996
916
947
947
976
976
954
954
907
907
973
973
996
996
933
933
879
901
901
918
918
895
895
865
900
900
940
940
940
940
920
920
1001
1001
1027
1027
968
968
996
996
1021
1021
983
983
923
923
968
968
927
927
981
981
934
900
900
918
918
923
923
892
892
887
918
918
925
925
890
890
933
933
984
984
998
998
946
946
993
993
1007
1007
957
957
935
935
970
982
982
933
933
939
939
955
955
963
963
930
930
932
932
927
927
913
879
879
908
908
917
917
1153
1153
1032
1032
1082
1082
1082
1098
1098
1053
1053
1004
1004
1023
1023
997
997
944
944
913
932
932
942
942
909
909
913
913
981
981
1014
1014
1025
1025
984
984
1011
1011
1038
1038
1030
1030
964
964
974
974
981
981
980
980
945
945
910
937
937
961
961
958
958
927
927
973
973
993
993
979
979
924
924
949
949
968
968
974
974
926
908
908
939
939
960
960
933
933
918
918
958
958
952
916
916
912
912
945
945
954
954
934
934
900
900
961
961
984
984
938
958
958
1002
1002
1012
1012
969
969
957
957
997
997
976
976
948
948
908
908
944
944
942
942
928
912
912
898
898
921
921
924
924
915
915
998
998
988
988
945
980
980
1009
1009
1009
962
944
944
988
988
1004
1004
949
949
958
958
997
997
969
969
917
917
947
947
955
955
961
961
938
979
979
1018
1018
1018
974
1016
1016
1016
995
995
1007
1007
1000
1000
935
916
916
937
937
942
942
933
933
885
906
906
908
908
881
881
842
869
869
908
908
862
862
898
940
940
908
908
871
871
888
888
914
914
928
939
939
877
877
876
876
887
887
877
846
846
886
886
906
906
887
901
901
935
935
931
931
878
878
919
919
950
914
914
944
944
989
989
979
979
907
907
938
938
983
983
955
955
985
985
1033
1033
954
954
903
903
936
946
946
954
954
940
940
973
973
963
963
889
889
891
904
904
890
890
886
886
946
946
1003
1003
938
938
934
979
979
985
985
949
949
1011
1011
1029
1029
963
963
974
974
990
990
957
957
892
892
911
911
927
927
914
942
942
1010
1010
1020
1020
973
973
1020
1020
1033
1033
1033
993
993
1007
1007
1008
1008
993
993
944
966
966
968
968
952
952
956
956
1000
1000
975
975
1001
1001
972
972
946
946
969
969
993
993
973
973
969
969
984
984
960
960
941
994
994
1004
1004
973
973
968
968
993
993
974
974
938
938
962
962
979
979
938
938
917
917
937
937
929
901
901
948
948
974
974
955
955
931
931
961
961
974
974
954
954
966
966
999
999
954
931
931
970
970
958
958
966
966
896
896
922
922
965
965
978
978
952
1024
1024
1024
1041
1041
980
980
956
956
979
979
963
907
907
873
873
890
890
887
846
846
868
868
888
903
903
884
884
870
870
894
894
890
884
884
885
885
876
876
826
797
797
807
826
826
836
836
832
904
904
913
913
856
856
886
886
902
861
861
866
866
901
901
909
861
861
885
885
902
902
895
895
843
863
863
869
869
855
834
834
856
856
867
868
868
849
849
906
906
946
946
951
951
926
926
969
925
925
1029
1029
924
924
965
965
990
990
950
950
956
956
985
985
959
959
960
960
995
995
988
988
941
941
978
978
997
997
985
985
955
955
979
979
1007
1007
949
931
931
968
968
969
969
958
958
902
902
941
941
947
947
930
894
894
940
940
969
969
941
941
894
894
980
980
979
979
984
984
912
949
949
980
980
978
978
933
933
971
971
982
982
921
921
920
920
981
981
989
989
931
931
979
979
993
993
952
906
906
935
935
941
941
914
914
885
939
939
974
974
905
905
895
895
928
928
952
952
917
917
927
931
931
960
960
908
908
938
938
973
973
968
968
926
926
962
962
976
976
959
919
919
940
940
947
947
959
959
921
921
914
914
959
959
960
915
915
942
942
957
957
919
919
893
893
917
932
932
918
918
903
903
959
959
999
999
1002
1002
955
955
994
994
1007
1007
981
981
931
931
976
976
968
968
923
952
952
969
969
960
960
904
904
969
969
992
992
935
935
939
939
971
971
979
979
918
892
892
944
944
987
987
938
938
904
904
980
980
1001
1001
947
947
946
946
996
996
984
984
935
960
960
960
960
1003
1003
936
936
996
996
997
997
941
941
936
936
963
963
958
958
905
930
930
936
936
909
909
929
929
1004
1004
947
947
936
936
970
970
962
923
923
899
899
954
954
957
957
919
919
893
956
956
946
946
916
916
891
891
938
938
972
972
925
925
934
933
933
936
936
904
904
928
928
971
971
936
936
905
959
959
975
975
920
920
904
904
945
945
958
958
899
899
895
928
928
928
928
878
878
864
904
904
955
955
922
922
910
910
975
975
986
986
958
958
980
980
999
999
1004
1004
943
943
929
929
958
958
950
899
899
891
891
938
938
954
954
919
919
910
966
966
1012
1012
953
953
946
946
1010
1010
1005
1005
941
941
985
985
975
975
965
965
928
928
928
928
973
973
991
991
939
1012
1012
1012
1020
1020
982
982
965
983
983
995
995
934
934
913
913
956
956
929
929
900
900
871
923
923
910
910
875
875
880
939
939
999
999
943
943
939
939
988
988
985
985
942
942
947
947
994
994
987
987
944
944
922
922
984
984
987
987
944
917
917
941
941
933
933
881
881
892
927
927
957
957
903
903
929
929
925
925
1049
1049
948
948
962
962
1029
1029
1018
1018
949
949
978
978
973
973
910
897
897
946
946
970
970
908
908
928
928
968
968
981
981
946
946
960
1008
1008
1008
1001
1001
938
985
985
990
990
924
924
939
939
957
957
967
967
931
931
891
948
948
966
966
918
918
876
876
938
938
964
964
967
967
942
942
1006
1006
1058
1058
985
985
981
981
1011
1011
1000
1000
940
940
952
965
965
941
941
896
896
924
924
937
937
924
924
906
989
989
984
984
929
929
965
965
1027
1027
999
999
955
955
988
988
990
990
964
964
994
994
990
990
999
999
938
938
997
997
1020
1020
972
972
1013
1013
1023
1023
1018
1018
957
957
1024
1024
1031
1031
975
975
979
979
1035
1035
1006
1006
952
952
991
991
1016
1016
981
981
929
929
934
934
963
963
990
990
937
1009
1009
1037
1037
1037
1011
1011
979
979
991
898
898
996
996
928
928
948
948
995
995
1021
1021
927
927
952
952
973
973
985
985
924
968
968
991
991
971
971
932
932
984
984
983
983
932
932
946
946
980
980
967
967
902
902
901
920
920
924
924
877
877
918
918
945
921
921
917
917
972
972
992
992
950
950
949
949
1017
1017
1023
1023
979
979
989
989
1005
1005
982
982
932
932
943
943
959
959
978
978
924
944
944
972
972
978
978
914
914
898
898
937
937
927
909
909
913
913
989
989
990
990
951
951
979
979
1006
1006
981
981
938
938
973
973
966
966
989
989
948
948
950
950
978
961
961
913
913
918
918
924
924
923
923
889
934
934
999
999
1017
1017
988
988
1042
1042
1042
1048
1048
1012
1012
959
959
991
991
995
995
925
936
936
967
967
994
994
942
942
952
952
980
980
985
985
921
921
960
960
1089
1089
817
911
911
960
960
958
958
910
910
878
878
938
975
975
937
937
878
878
916
916
917
917
922
922
899
995
995
1044
1044
1044
987
987
1010
1010
1041
1041
978
978
932
973
973
965
965
924
924
919
919
940
940
943
943
914
932
932
978
978
955
955
914
914
952
952
973
973
947
947
910
910
988
988
979
979
939
948
948
995
995
989
989
928
928
968
968
1005
1005
973
973
927
927
957
957
970
970
946
946
931
931
1001
1001
1008
1008
963
963
975
992
992
982
982
906
906
899
899
900
900
904
904
845
906
906
788
829
829
809
809
832
859
859
877
877
914
914
956
956
867
873
873
856
856
833
812
812
794
794
790
777
777
749
743
743
748
747
729
729
719
711
711
706
716
716
716
713
706
706
721
744
744
762
769
769
771
807
807
828
828
846
823
823
803
803
891
891
843
829
829
850
850
849
829
829
807
807
792
762
762
751
746
746
748
757
757
768
756
756
775
760
760
762
753
753
732
732
732
727
719
728
728
718
737
737
745
748
748
741
722
722
732
747
747
734
741
741
745
745
745
733
730
736
736
752
735
735
738
765
765
783
783
796
808
808
792
783
783
806
806
804
780
780
771
778
778
759
742
742
754
764
764
784
768
768
783
783
815
831
831
836
836
882
882
882
831
831
859
859
860
837
837
823
823
864
892
892
857
857
885
885
917
917
877
860
860
903
903
907
907
856
898
898
898
898
855
855
865
861
861
832
832
831
854
854
866
866
841
841
883
911
911
877
877
869
869
894
896
896
853
853
870
870
888
889
889
868
868
933
933
947
947
904
904
905
930
930
933
933
893
893
934
934
916
916
921
921
944
972
972
938
938
915
915
938
938
908
908
862
888
888
890
890
881
881
913
913
923
891
891
912
912
926
926
908
908
882
924
924
913
913
882
882
918
918
931
931
898
850
850
859
859
839
816
816
844
844
855
829
829
835
835
854
847
847
824
824
829
808
808
779
779
793
786
786
772
772
772
795
788
788
779
802
802
807
807
784
813
813
822
799
799
815
815
845
854
854
831
831
869
869
877
838
838
835
835
832
812
812
807
807
813
789
789
779
788
788
783
779
779
794
794
786
791
791
758
757
757
748
771
771
794
807
807
804
804
853
855
855
820
820
842
840
840
812
812
802
826
826
828
828
804
847
847
896
896
899
899
871
922
922
921
921
883
883
910
910
914
914
885
904
904
915
915
897
897
884
884
911
891
891
897
897
897
897
1005
1005
922
922
940
940
952
908
908
921
921
939
939
895
895
915
915
934
919
919
873
873
910
910
904
904
856
856
856
865
865
862
851
851
896
896
928
928
896
896
911
945
945
910
910
869
869
886
886
880
847
847
856
856
867
862
862
850
850
874
874
864
831
831
828
828
834
827
827
806
806
829
823
823
802
818
818
833
833
810
821
821
829
829
823
798
798
817
825
825
805
805
822
842
842
850
850
829
863
863
875
875
856
856
870
899
899
889
889
907
907
926
926
886
886
906
917
917
899
899
879
879
906
906
903
862
862
890
890
914
914
896
896
920
931
931
896
896
931
931
955
955
916
916
926
926
946
937
937
888
888
911
911
925
925
890
890
924
934
934
899
899
887
887
902
902
857
865
865
887
887
882
882
865
924
924
958
958
907
907
887
887
923
923
888
896
896
883
883
847
820
820
822
822
785
787
787
789
771
771
763
745
745
752
754
754
752
751
751
772
769
769
751
765
765
773
762
762
755
779
779
780
780
768
797
797
813
808
808
794
794
828
846
846
825
825
827
848
848
886
886
828
859
859
849
849
808
824
824
823
823
806
802
802
838
838
846
828
828
857
857
862
834
834
854
854
854
854
829
832
832
827
806
806
809
809
813
790
790
790
811
811
825
825
805
837
837
830
830
798
808
808
813
797
797
779
779
760
791
791
699
760
760
780
780
780
768
803
803
828
828
872
854
854
886
886
924
924
948
948
909
909
930
950
950
940
940
909
909
957
957
968
968
940
940
920
920
943
943
957
957
929
920
920
939
939
959
959
918
918
952
952
975
975
917
917
924
941
941
939
939
892
892
918
918
918
918
879
890
890
899
899
879
879
868
901
901
914
914
888
888
945
945
968
968
932
932
955
984
984
975
975
925
925
932
932
913
913
852
852
863
859
859
827
827
826
854
854
871
871
850
892
892
908
908
890
890
907
907
887
898
898
862
862
865
865
850
817
817
825
835
835
813
813
802
828
828
833
833
825
834
834
874
874
897
897
868
927
927
957
957
945
945
904
904
937
937
939
939
896
934
934
952
952
959
959
896
896
935
935
968
968
963
963
920
920
975
975
947
872
872
1135
1135
1135
1012
1012
1004
1004
945
945
979
1003
1003
985
985
937
937
956
956
970
970
921
921
929
929
957
957
959
959
928
981
981
1003
1003
963
963
938
938
956
956
960
960
912
912
913
913
924
924
931
901
901
945
945
980
980
931
931
953
953
1048
1048
860
860
917
970
970
987
987
962
962
988
988
982
982
928
928
911
911
939
939
955
955
920
920
951
987
987
971
971
934
934
969
969
978
978
943
943
872
872
878
860
860
826
826
848
860
860
841
841
843
879
879
868
868
845
845
865
837
837
833
833
838
817
817
801
801
807
799
799
779
784
784
791
794
794
779
792
792
810
810
815
806
806
833
833
853
835
835
828
828
857
871
871
851
851
886
886
912
912
913
870
870
910
910
931
931
895
895
908
908
931
917
917
886
886
915
915
944
944
1044
1044
829
829
947
957
957
924
924
917
917
942
942
918
918
892
892
920
942
942
907
907
938
938
951
951
926
926
942
942
967
967
938
945
945
977
977
984
984
907
907
889
889
876
876
833
809
809
805
782
782
772
770
770
794
882
882
944
944
854
854
969
969
939
939
887
887
893
899
899
868
868
835
853
853
847
847
830
818
818
851
851
879
879
869
901
901
947
947
961
961
924
924
971
971
1002
1002
973
973
936
936
978
978
985
985
937
937
912
973
973
975
975
938
938
958
958
995
995
1003
1003
968
968
991
991
1004
1004
962
962
952
952
993
993
991
991
917
917
879
884
884
855
855
831
862
862
876
876
859
859
903
924
924
901
901
873
873
908
908
896
851
851
864
864
864
847
847
817
817
848
857
857
847
847
844
844
878
878
878
850
850
859
913
913
884
884
872
872
924
924
935
935
899
846
846
861
861
860
860
852
826
826
857
857
899
944
944
923
923
975
975
1020
1020
986
986
989
989
979
979
926
926
916
916
929
929
905
905
875
902
902
910
910
876
876
913
935
935
894
894
909
909
908
908
903
903
898
881
881
842
842
866
854
854
837
837
879
879
893
874
874
880
880
913
913
886
860
860
885
885
866
866
839
854
854
849
849
829
861
861
891
891
882
882
887
922
922
925
925
895
895
905
905
912
912
878
887
887
902
902
878
878
891
945
945
907
907
868
868
902
902
923
923
889
921
921
928
928
930
930
892
892
907
907
914
907
907
875
875
906
906
918
918
883
887
887
883
883
849
832
832
846
846
838
816
816
859
859
871
871
844
881
881
905
905
837
847
847
851
851
841
841
853
777
777
806
786
786
776
793
793
798
798
777
804
804
820
811
811
816
816
844
844
844
830
830
865
891
891
862
862
876
876
902
902
866
864
864
876
876
852
852
868
903
903
877
877
875
875
914
901
901
866
866
885
885
872
872
837
862
862
861
861
866
821
821
876
876
861
878
878
891
891
872
872
856
862
862
852
852
824
844
844
845
845
821
842
842
861
861
866
866
879
918
918
913
913
888
888
931
931
944
944
896
896
913
931
931
927
927
879
879
900
900
915
896
896
890
890
932
932
914
914
909
909
906
938
938
886
886
884
884
903
903
881
851
851
883
883
901
901
876
896
896
926
926
913
913
854
846
846
839
839
803
786
786
785
776
776
769
792
792
820
820
813
817
817
859
859
886
855
855
862
862
849
849
815
789
789
766
744
744
794
655
655
713
707
711
711
754
806
806
790
783
783
805
805
781
793
793
796
773
773
778
778
786
774
774
763
771
771
751
735
735
729
718
725
725
729
733
733
735
729
729
747
750
750
749
748
748
780
806
806
817
817
795
833
833
848
848
828
813
813
837
837
838
813
813
804
804
819
823
823
800
800
817
825
825
807
813
813
835
835
856
833
833
866
866
860
860
833
852
852
854
854
842
831
831
831
831
811
783
783
764
778
778
789
796
796
780
780
823
847
847
829
829
846
889
889
879
879
850
850
849
957
957
881
881
902
902
925
925
903
903
869
914
914
928
928
873
873
905
905
907
866
866
881
881
894
894
861
867
867
897
897
896
896
849
876
876
889
889
852
852
877
912
912
865
865
888
888
927
927
904
871
871
909
909
892
892
849
882
882
919
919
732
834
834
823
823
803
835
835
816
816
801
839
839
840
816
816
832
832
845
812
812
810
810
819
806
806
784
805
805
810
810
812
796
796
829
829
846
815
815
831
831
854
853
853
834
834
845
807
807
787
787
785
759
759
747
765
765
779
758
758
776
813
813
808
794
794
813
813
829
809
809
827
827
848
823
823
809
809
817
804
804
785
806
806
797
797
779
793
793
800
779
779
791
800
800
792
792
793
819
819
813
813
806
827
827
828
800
800
814
814
813
789
789
801
807
807
791
791
802
797
797
821
821
800
815
815
829
826
826
799
799
826
829
829
812
812
827
854
854
837
837
831
872
872
894
894
861
861
882
919
919
938
938
903
903
924
924
945
945
913
913
942
942
978
978
934
967
967
978
978
937
937
968
968
988
988
951
951
961
961
991
991
992
992
955
955
1004
1004
1023
1023
959
959
982
982
1002
1002
955
955
986
986
1011
1011
997
997
938
938
952
952
942
859
859
857
857
842
808
808
837
837
839
824
824
851
851
871
841
841
868
868
861
833
833
847
847
813
790
790
787
1007
1007
1007
865
1098
1098
1098
718
709
707
707
719
722
723
723
736
749
749
743
763
763
762
751
751
760
760
760
747
743
743
751
742
742
729
729
729
720
716
716
724
722
709
709
719
723
723
723
722
722
737
743
743
738
745
745
752
744
744
738
750
750
742
743
747
747
744
722
722
731
741
741
727
711
711
696
707
703
703
703
696
696
707
708
719
719
719
734
734
730
734
734
743
737
737
726
738
738
738
729
729
724
735
735
731
719
724
724
733
737
737
740
729
729
725
717
717
721
716
716
711
720
710
710
729
729
729
737
770
770
775
760
760
780
801
801
778
778
762
785
785
792
779
779
760
775
775
764
752
752
779
779
775
759
759
781
789
789
772
778
778
774
769
769
755
734
734
730
761
761
777
788
788
799
799
835
834
834
804
804
840
811
811
826
826
816
816
816
790
786
786
808
808
801
789
789
815
830
830
799
799
816
821
821
796
796
813
796
796
776
795
795
794
794
778
811
811
823
798
798
804
804
799
779
779
787
789
789
771
771
771
771
760
760
757
764
764
762
753
753
761
763
763
758
758
751
768
768
763
760
760
762
747
747
746
758
758
757
749
749
767
772
772
758
774
774
761
751
751
761
766
766
749
734
734
728
751
751
768
794
794
820
820
790
795
795
795
775
775
794
794
793
771
771
792
779
779
777
789
789
787
949
949
608
608
780
762
762
783
775
775
755
752
752
759
754
754
742
768
768
767
747
747
771
768
768
765
742
742
755
754
754
749
732
732
748
748
748
743
748
748
774
779
779
767
763
763
759
759
742
750
745
745
728
737
737
751
754
754
745
747
747
795
795
757
764
764
768
754
754
748
753
753
744
724
730
730
728
728
728
718
737
737
750
741
741
770
786
786
778
778
778
786
786
760
766
766
760
755
755
746
735
735
749
731
731
721
735
741
741
729
743
743
743
731
731
734
745
745
743
739
739
739
742
742
740
729
729
732
722
722
708
719
712
712
700
716
716
731
736
736
735
772
772
765
751
751
742
740
740
768
779
779
780
765
765
791
803
803
779
779
797
810
810
811
811
794
834
834
857
857
835
850
850
851
851
816
830
830
844
844
833
825
825
881
881
908
908
860
912
912
916
916
867
867
876
876
883
834
834
841
841
850
825
825
833
833
858
867
867
853
853
905
905
883
862
862
875
875
849
849
820
841
841
826
795
795
822
822
836
816
816
828
828
858
853
853
841
841
879
879
850
865
865
863
863
862
828
828
814
814
832
831
831
809
809
827
827
827
802
786
786
818
818
825
794
794
825
825
843
828
828
806
830
830
818
818
792
811
811
824
824
815
801
801
833
833
854
820
820
828
828
850
840
840
808
808
822
826
826
806
820
820
774
774
822
808
808
808
855
855
840
840
813
813
839
840
840
804
801
801
821
821
832
804
804
813
813
832
837
837
813
813
855
874
874
858
858
840
840
881
879
879
837
837
846
849
849
828
828
807
824
824
833
833
808
815
815
839
839
819
825
825
806
836
836
826
826
808
844
844
861
861
823
831
831
864
864
875
875
849
883
883
905
905
896
896
858
858
892
911
911
866
866
842
842
867
855
855
829
829
845
872
872
866
866
837
871
871
893
893
866
866
849
889
889
896
896
853
853
868
869
869
879
879
838
838
868
870
870
838
838
859
883
883
859
859
834
834
859
835
835
808
808
822
822
822
806
810
810
842
842
851
825
825
856
856
863
863
841
859
859
868
868
837
846
846
860
860
840
830
830
858
858
871
871
847
857
857
888
888
861
861
862
883
883
894
894
864
864
871
896
896
877
877
860
860
903
923
923
878
878
911
911
918
918
869
889
889
898
898
871
871
865
904
904
895
895
881
881
926
926
937
937
893
924
924
916
916
865
865
888
888
860
821
821
849
849
857
847
847
858
858
925
925
896
895
895
921
921
884
884
869
893
893
876
876
843
843
870
885
885
856
856
875
875
882
852
852
875
875
886
886
847
856
856
858
858
817
785
785
774
789
789
766
798
798
806
806
804
776
776
779
783
783
832
832
847
818
818
829
829
817
859
859
791
791
790
799
799
799
775
775
777
795
795
801
801
786
759
759
771
767
767
753
764
764
795
819
819
818
818
824
846
846
862
862
823
842
842
845
845
803
814
814
823
823
821
794
794
819
846
846
826
826
810
851
851
866
866
830
830
904
736
736
827
796
796
803
803
831
838
838
828
828
868
909
909
854
854
866
866
892
892
866
832
832
862
862
835
800
800
820
820
841
822
822
855
855
860
832
832
859
859
872
846
846
873
873
886
886
854
870
870
884
884
851
851
871
870
870
867
867
828
869
869
835
835
863
863
884
854
854
854
854
878
878
880
838
838
849
849
820
788
788
788
772
772
774
803
803
809
809
793
820
820
849
849
831
843
843
863
863
844
848
848
869
869
855
855
820
849
849
845
845
825
854
854
860
860
837
844
844
898
898
863
863
844
876
876
836
836
806
833
833
837
837
837
816
816
849
849
824
791
791
793
792
792
788
811
811
809
809
794
823
823
816
816
790
798
798
811
808
808
793
793
818
841
841
831
831
835
843
843
828
828
811
837
837
835
835
829
807
807
827
827
799
817
817
829
831
831
807
807
841
850
850
822
822
833
835
835
801
801
799
777
777
753
752
752
751
762
762
787
788
788
789
811
811
824
824
798
808
808
821
821
808
785
785
813
821
821
812
812
789
820
820
832
832
813
820
820
850
850
834
804
804
834
834
837
810
810
789
812
812
809
809
783
781
781
804
819
819
791
791
812
829
829
831
831
798
820
820
825
808
808
794
794
821
824
824
806
806
795
811
811
813
782
782
795
796
796
790
790
785
798
798
802
784
784
807
807
796
822
822
807
813
813
795
795
781
799
799
797
772
772
792
792
806
782
782
816
828
828
814
814
804
833
833
806
806
789
813
813
820
792
792
818
818
831
807
807
826
826
833
800
800
809
818
818
810
810
800
799
799
789
793
793
829
829
837
814
814
813
813
834
810
810
825
825
843
828
828
806
806
841
836
836
802
817
817
820
820
791
822
822
832
832
804
829
829
843
843
809
779
779
770
760
760
782
795
795
782
782
782
807
807
803
773
773
789
806
806
794
794
778
809
809
822
795
795
800
800
854
826
826
813
813
858
858
858
822
822
842
847
847
811
811
820
820
820
806
806
786
790
790
770
748
748
734
729
729
721
741
747
747
749
770
770
801
801
792
798
798
793
769
769
759
749
749
753
771
771
762
762
760
774
774
797
778
778
774
844
844
818
818
791
811
811
835
835
813
820
820
841
841
833
832
832
851
851
832
801
801
813
813
813
785
785
800
802
802
781
783
783
801
801
796
797
797
843
878
878
817
817
850
850
864
828
828
834
834
839
810
810
804
804
789
773
773
753
791
791
735
788
788
809
793
793
800
800
832
832
832
804
804
850
862
862
839
839
844
859
859
839
839
811
828
828
847
847
811
834
834
851
851
835
833
833
855
855
850
850
823
853
853
840
840
815
843
843
851
851
814
804
804
778
771
771
763
751
751
782
714
714
737
730
730
738
773
773
828
811
811
853
853
845
836
836
854
854
840
840
813
811
811
808
784
784
794
792
792
783
783
785
796
796
790
770
770
768
759
759
743
742
742
735
742
742
732
734
734
763
754
754
786
804
804
777
777
784
774
774
812
781
781
799
813
813
793
793
816
839
839
811
811
831
853
853
824
824
852
888
888
861
861
881
881
904
904
870
859
859
871
871
880
880
843
860
860
877
877
843
853
853
870
870
855
855
841
854
854
851
851
822
834
834
850
850
869
846
846
861
861
880
880
847
855
855
869
869
854
839
839
867
867
887
887
841
850
850
848
848
818
848
848
861
861
835
846
846
861
861
840
815
815
829
829
823
794
794
779
771
771
753
733
733
721
716
716
703
698
697
697
735
776
776
784
839
839
771
771
920
920
870
838
838
821
821
830
812
812
790
790
807
810
810
791
823
823
854
854
832
865
865
851
851
845
845
865
831
831
839
839
841
811
811
812
812
818
803
803
792
809
809
796
796
792
821
821
826
800
800
827
827
819
798
798
821
821
810
813
813
818
833
833
808
808
822
822
822
796
796
798
777
777
752
745
745
744
755
755
769
778
778
763
790
790
798
777
777
802
802
811
790
790
801
801
801
773
773
761
747
747
729
716
713
713
706
725
725
743
767
767
823
815
815
829
829
857
806
806
847
847
833
833
809
791
791
813
816
816
794
794
830
833
833
803
834
834
839
839
808
849
849
843
843
800
780
780
770
754
754
738
728
728
714
711
711
700
693
696
696
738
750
750
795
818
818
794
794
827
823
823
793
793
806
798
798
771
791
791
803
803
786
802
802
828
825
825
815
815
862
865
865
830
830
859
859
854
817
817
839
839
835
795
795
813
807
807
782
782
799
794
794
776
790
790
800
780
780
783
783
798
788
788
785
786
786
770
751
751
738
722
722
713
706
706
695
688
683
683
707
683
721
721
761
790
790
765
765
797
810
810
781
793
793
795
795
771
785
785
788
766
766
777
801
801
822
822
792
819
819
843
843
849
840
840
875
875
861
861
823
840
840
842
842
807
813
813
821
803
803
807
807
832
853
853
817
817
836
1061
1061
1061
766
766
744
730
730
723
708
708
698
713
770
770
811
811
827
868
868
840
840
863
863
860
815
815
832
832
821
788
788
799
811
811
797
797
808
818
818
816
816
801
834
834
847
847
804
820
820
808
788
788
766
766
766
756
776
776
795
795
896
671
671
800
808
808
792
790
790
812
812
825
800
800
814
814
830
818
818
810
810
826
831
831
819
819
835
827
827
795
777
777
762
743
743
725
715
715
703
696
688
688
700
709
709
743
786
786
782
796
796
820
820
804
808
808
820
820
789
794
794
836
800
800
810
810
826
816
816
795
811
811
824
824
811
823
823
823
823
800
816
816
825
825
797
809
809
811
781
781
787
787
803
779
779
782
796
796
783
771
771
791
791
791
783
783
796
821
821
792
791
791
813
813
813
789
789
807
807
801
806
806
795
812
812
790
790
788
806
806
806
782
782
775
775
775
763
750
750
734
726
726
716
705
705
698
689
688
688
693
742
742
756
769
769
799
803
803
775
802
802
812
812
807
808
808
835
835
819
810
810
842
842
845
822
822
866
866
864
864
841
860
860
875
875
832
866
866
881
881
877
877
833
847
847
848
848
820
805
805
827
827
829
793
793
813
813
813
787
787
796
805
805
780
776
776
781
776
776
751
733
733
719
711
711
701
688
681
681
678
689
713
713
721
733
733
721
720
720
717
734
734
737
751
751
744
741
741
760
771
771
753
769
769
778
759
759
775
794
794
778
778
769
799
799
821
791
791
818
818
840
795
795
809
815
815
794
794
784
803
803
803
775
775
791
791
800
793
793
795
813
813
786
786
783
790
790
761
776
776
782
766
766
769
780
780
775
757
757
774
774
777
764
764
768
807
807
811
788
788
815
815
839
823
823
807
807
828
831
831
791
791
804
819
819
795
784
784
807
807
794
794
794
770
778
778
772
761
761
756
761
761
767
751
751
765
776
776
774
769
769
763
763
777
771
771
760
776
776
780
773
773
783
799
799
815
815
787
803
803
810
797
797
786
786
813
818
818
789
810
810
809
809
772
772
772
774
775
775
759
778
778
788
791
791
792
792
806
808
808
785
800
800
804
804
783
789
789
785
790
790
746
777
777
758
771
771
780
780
770
770
770
786
781
781
771
788
788
789
789
771
777
777
766
772
772
776
765
765
771
786
786
783
775
775
801
801
803
784
784
810
815
815
798
798
802
820
820
805
805
792
813
813
820
794
794
815
815
828
813
813
805
805
816
800
800
782
771
771
759
746
746
741
734
734
725
734
734
740
730
723
723
731
735
735
731
730
730
741
749
749
738
752
752
763
762
762
753
764
764
771
767
767
755
767
767
773
773
761
764
764
775
775
775
758
778
778
783
772
772
773
794
794
813
813
783
813
813
817
817
797
792
792
809
799
799
777
798
798
805
805
787
789
789
803
797
797
783
783
813
823
823
802
802
829
844
844
814
814
819
825
825
805
802
802
827
827
813
793
793
820
820
831
817
817
818
838
838
854
854
831
831
841
834
834
814
814
801
799
799
788
773
773
786
798
798
786
809
809
845
845
830
830
818
841
841
830
830
807
833
833
816
784
784
790
790
783
765
765
760
776
776
779
768
768
804
827
827
819
819
819
853
853
845
845
812
814
814
811
811
816
748
748
773
767
767
760
776
776
789
773
773
780
806
806
805
805
773
787
787
793
781
781
782
782
785
792
792
767
776
776
775
761
761
760
776
776
787
773
773
792
792
813
800
800
788
796
796
786
786
769
772
772
774
769
769
754
764
764
769
747
747
755
760
760
750
746
746
754
754
754
740
748
748
751
746
746
743
772
772
782
770
770
789
808
808
793
793
790
789
789
769
749
749
735
720
720
728
738
738
732
737
737
757
765
765
751
782
782
793
785
785
789
789
803
790
790
778
783
783
788
756
756
769
773
773
758
758
755
761
761
768
755
755
769
778
778
769
782
782
785
782
782
802
802
812
791
791
768
777
777
764
748
748
754
745
745
729
726
726
729
722
722
718
737
738
738
722
716
716
708
699
699
697
688
679
679
674
677
688
688
757
574
677
677
671
661
665
665
666
660
650
650
645
648
644
637
637
631
638
643
646
646
652
672
679
679
677
699
699
700
688
703
703
691
691
691
677
684
677
677
666
666
666
666
662
660
663
663
654
654
654
649
649
646
655
657
657
663
657
670
670
652
657
656
656
646
640
631
620
620
620
610
609
607
600
600
596
586
588
587
581
574
574
576
579
575
574
577
582
582
582
584
590
599
602
604
604
609
613
612
612
612
622
626
624
632
632
642
643
646
646
651
656
654
650
650
656
670
654
654
620
640
635
635
640
638
633
635
635
637
646
652
660
660
673
671
671
675
680
675
675
672
673
675
675
671
668
666
666
657
647
646
646
635
626
624
622
615
615
612
610
616
609
609
611
614
612
612
613
613
606
603
604
609
617
617