685
691
696
692
692
710
685
685
726
712
718
718
734
781
781
738
749
749
718
698
698
680
658
647
647
638
631
624
630
630
626
626
526
609
609
609
609
609
891
891
685
720
720
784
714
714
872
872
791
775
775
761
761
761
743
727
727
724
719
719
709
712
715
715
697
685
685
682
684
675
675
688
681
688
688
702
712
697
697
689
687
687
678
676
664
664
662
668
654
654
647
634
630
627
627
613
614
608
604
604
604
598
596
592
604
589
592
592
600
602
604
612
617
617
629
631
650
650
650
651
665
665
660
652
650
650
642
643
626
625
625
618
609
605
605
602
602
601
599
594
598
602
602
602
604
608
612
614
614
621
615
623
624
624
624
632
623
632
632
629
626
626
623
623
625
625
603
614
614
610
607
610
609
610
610
608
607
616
613
613
612
614
616
607
610
610
607
602
604
601
600
600
601
601
604
600
605
605
604
602
603
604
604
604
603
603
608
614
614
617
621
624
617
617
616
614
605
603
599
599
596
598
596
597
600
600
598
598
599
595
595
595
598
599
593
594
593
591
591
594
592
596
598
599
599
599
599
596
596
590
590
599
595
600
601
599
599
608
609
615
621
627
627
635
641
639
639
644
635
639
638
638
629
632
623
623
625
620
617
616
614
614
611
614
616
596
596
602
598
602
598
595
598
598
595
597
598
597
600
600
602
604
608
615
615
619
619
620
616
611
611
616
613
613
618
618
625
629
641
636
636
639
637
639
639
638
635
634
635
635
635
640
640
637
637
645
652
648
648
649
651
646
646
646
646
666
666
657
667
674
674
670
678
680
680
677
675
675
675
680
691
691
691
688
675
675
674
671
664
664
668
671
667
667
675
687
687
687
702
710
710
701
716
712
712
695
702
702
691
681
687
687
679
674
682
682
684
685
691
691
701
698
698
709
695
730
730
705
695
695
696
685
685
674
668
664
660
660
664
670
666
666
676
680
677
677
681
682
682
678
674
661
661
663
651
654
654
642
647
643
638
638
646
654
656
656
671
683
692
692
694
695
686
686
686
683
683
673
667
666
666
655
646
648
660
660
603
622
617
609
609
604
606
606
609
624
624
635
644
653
653
649
644
643
645
645
640
629
627
627
627
618
622
619
610
610
616
612
606
613
613
608
608
613
617
617
617
623
630
630
640
640
637
633
642
642
637
633
627
630
630
629
626
622
627
627
628
632
627
621
621
624
631
625
619
619
626
621
616
622
622
617
622
620
613
613
610
604
610
606
601
601
604
605
604
604
610
610
606
599
608
604
599
599
603
606
603
601
611
611
604
607
633
609
609
627
629
623
625
625
630
625
617
622
622
622
608
617
616
616
614
620
630
633
633
630
635
634
632
632
629
631
629
624
624
625
631
629
630
630
631
634
638
643
643
646
654
656
656
653
655
655
655
657
649
658
658
658
657
657
657
669
670
669
669
671
660
649
649
645
634
624
617
617
613
631
579
605
602
602
602
610
613
613
628
628
645
666
682
682
685
720
720
751
734
734
736
750
750
743
736
736
754
738
738
726
743
743
747
732
732
743
755
755
737
764
764
770
752
752
767
770
770
739
752
752
744
735
735
740
732
732
723
740
737
737
755
753
753
767
767
756
765
765
768
748
748
750
763
763
758
749
749
771
785
785
769
801
801
820
820
787
807
807
797
781
781
813
813
821
786
786
819
819
811
783
783
814
799
799
778
802
802
789
789
768
790
790
787
762
762
774
772
772
777
755
755
771
771
746
725
712
712
724
729
729
730
739
739
740
729
729
729
715
720
720
708
705
705
712
726
726
761
749
749
742
766
766
788
776
776
775
822
822
830
830
792
810
810
817
817
802
806
806
843
843
819
792
792
798
784
784
766
743
743
998
998
834
834
1129
1129
761
761
757
754
745
745
752
739
739
746
731
731
729
732
732
724
717
714
714
715
703
703
718
731
731
739
738
738
745
751
751
738
759
759
753
734
714
714
696
707
707
719
729
729
726
734
734
734
756
756
745
764
764
759
747
747
710
714
702
702
705
701
701
704
716
713
713
728
735
735
727
713
713
721
716
711
711
708
708
708
724
749
749
793
818
818
790
790
817
822
822
792
792
808
794
794
771
794
794
824
824
791
834
834
850
850
805
828
828
842
842
804
824
824
819
795
795
812
812
787
780
780
797
793
793
794
805
805
778
778
792
796
796
773
790
790
791
791
763
778
778
787
774
774
813
809
809
792
792
822
821
821
795
829
829
829
829
802
800
800
783
783
771
758
758
777
790
790
777
798
798
801
793
793
790
790
930
930
850
856
856
868
868
827
843
843
854
854
819
840
840
863
863
840
840
850
882
882
864
864
894
894
927
880
880
921
921
873
873
931
931
905
905
878
885
885
846
846
813
790
790
800
812
812
801
801
812
847
847
839
839
841
872
872
842
842
873
896
896
862
862
834
834
861
844
844
808
808
839
842
842
815
815
853
874
874
852
852
877
877
896
854
854
881
881
889
889
836
849
849
848
848
815
847
847
863
863
839
865
865
877
877
842
842
882
896
896
853
853
896
896
904
904
864
876
876
911
911
864
864
881
896
896
882
882
913
913
922
922
879
887
887
868
868
831
852
852
857
857
823
848
848
853
853
824
824
843
881
881
897
897
859
859
907
923
923
875
875
904
904
913
913
867
901
901
880
880
843
843
870
869
869
841
841
865
907
907
863
863
900
900
895
895
854
884
884
890
890
851
851
868
880
880
854
854
837
864
864
855
855
823
845
845
825
825
800
820
820
834
834
823
835
835
875
875
896
896
856
869
869
889
889
879
879
845
869
869
869
869
824
847
847
848
848
854
788
788
840
840
843
829
829
876
876
909
909
877
900
900
903
903
884
884
841
861
861
838
838
808
836
836
845
845
834
867
867
893
893
852
852
851
872
872
826
826
816
843
843
824
824
820
862
862
869
869
832
832
877
882
882
845
845
856
855
855
846
846
821
854
854
850
850
813
828
828
827
827
810
820
820
839
839
839
820
820
861
861
853
830
830
867
867
876
876
849
867
867
870
870
854
854
820
840
840
830
815
815
855
855
870
870
841
876
876
887
887
859
859
850
877
877
858
858
836
861
861
850
850
826
805
805
818
818
816
878
878
866
866
826
857
857
853
853
818
845
845
851
851
830
830
831
865
865
872
872
838
871
871
869
869
829
829
867
864
864
823
823
840
837
837
828
828
827
804
804
805
809
809
791
791
774
778
778
765
1021
1021
553
779
779
783
799
799
790
790
799
815
815
800
799
799
828
828
825
811
811
850
850
869
869
839
868
868
891
891
875
875
877
902
902
892
892
863
863
896
877
877
855
855
890
890
867
839
839
877
877
889
889
838
868
868
872
872
830
857
857
854
854
852
852
859
905
905
893
893
852
852
885
873
873
833
833
866
896
896
854
854
882
882
901
901
849
870
870
886
886
848
879
879
907
907
914
914
882
882
938
938
919
880
880
920
920
925
925
877
877
920
938
938
882
882
921
921
927
927
913
913
843
906
906
875
875
906
906
916
916
891
918
918
914
914
884
884
919
919
937
879
879
909
909
915
915
870
870
922
930
930
884
884
924
924
919
919
876
876
899
871
871
853
853
896
885
885
848
848
892
892
889
889
849
892
892
889
889
865
922
922
932
932
890
890
925
925
902
902
879
899
899
903
903
856
856
896
896
887
853
853
904
904
917
917
876
931
931
946
946
906
906
955
955
923
923
903
903
906
875
875
879
879
839
839
856
849
849
821
832
832
820
820
804
838
838
848
848
823
853
853
866
866
834
880
880
911
911
863
863
902
902
914
914
875
849
849
869
869
901
901
915
911
911
888
888
925
925
894
894
875
898
898
882
882
846
846
871
874
874
846
846
844
872
872
888
888
850
850
878
899
899
864
864
893
893
920
920
868
883
883
902
902
846
846
884
888
888
852
852
887
887
900
856
856
894
894
902
902
871
904
904
930
930
883
883
910
910
917
917
874
896
896
902
902
867
867
881
900
900
867
867
880
880
874
833
833
853
853
862
848
848
841
841
908
908
903
874
874
876
876
984
984
899
899
904
904
897
865
865
898
898
898
898
877
900
900
914
914
881
881
885
885
921
928
928
883
883
931
931
948
948
890
890
925
925
937
896
896
904
904
928
928
878
878
920
917
917
866
866
908
908
903
903
854
884
884
853
853
879
791
791
813
813
824
858
858
838
838
840
876
876
861
861
843
876
876
861
861
843
843
873
864
864
837
837
861
861
829
822
822
829
807
807
804
804
814
805
805
802
815
815
814
814
802
774
774
771
802
802
813
813
808
797
797
853
853
879
829
829
886
886
886
886
846
873
873
879
879
842
896
896
925
925
876
876
920
920
886
886
855
868
868
838
838
818
846
846
844
844
817
858
858
887
887
838
869
869
888
888
857
857
874
895
895
865
865
865
865
891
863
863
844
844
898
898
897
897
864
1022
1022
803
803
876
876
905
951
951
948
948
914
914
951
951
977
977
925
925
964
964
926
926
875
901
901
922
922
910
910
923
923
976
976
956
956
925
925
946
911
911
870
870
886
886
888
860
860
929
929
1025
1025
981
981
923
923
948
948
936
936
939
939
832
925
925
885
885
923
923
929
929
884
922
922
921
921
867
867
900
902
902
859
859
897
897
920
920
894
952
952
955
955
902
902
938
938
894
894
869
888
888
851
851
861
861
881
866
866
923
923
932
932
890
890
895
924
924
879
879
896
896
928
928
862
900
900
931
931
885
885
897
897
941
910
910
902
902
943
943
941
941
916
916
967
967
987
987
933
933
979
979
990
990
936
971
971
1003
1003
952
952
978
978
989
989
946
946
942
942
984
984
948
948
909
909
972
972
1017
1017
953
953
966
966
1034
1034
962
962
939
936
936
876
876
851
851
857
799
799
770
827
827
810
789
789
773
773
765
805
805
764
736
736
727
725
699
699
708
696
690
690
673
691
691
682
681
655
655
690
686
677
677
678
684
688
688
679
701
701
701
713
716
716
700
711
711
744
767
767
774
776
776
808
808
813
797
797
794
809
809
814
814
818
790
790
803
803
807
828
828
809
801
801
813
813
827
806
806
811
811
822
829
829
806
796
796
816
816
823
796
796
812
812
818
814
814
795
826
826
836
836
826
820
820
835
835
812
806
806
825
825
813
813
813
840
840
826
815
815
833
850
850
823
823
838
838
873
877
877
853
853
893
893
902
868
868
910
910
891
891
847
815
815
796
796
787
773
773
760
770
770
818
821
821
943
943
942
942
888
888
936
936
938
938
886
940
940
918
918
882
882
893
893
882
854
854
916
916
909
909
903
903
929
896
896
904
904
925
925
880
880
928
961
961
942
942
997
997
1023
1023
961
961
1005
1005
987
987
937
937
983
983
953
953
908
908
949
949
984
984
939
939
979
979
977
977
916
1015
1015
928
928
891
891
902
902
853
861
861
857
857
837
856
856
868
868
835
835
862
876
876
843
843
864
872
872
851
851
883
883
855
839
839
812
812
789
812
812
804
789
789
809
797
797
778
778
781
760
760
772
759
759
753
791
791
783
849
849
834
834
888
888
909
867
867
894
894
904
904
848
848
896
922
922
859
859
883
883
893
893
865
886
886
913
913
873
873
916
955
955
974
974
971
971
1023
1023
1023
994
994
1016
1016
1029
1029
988
988
1005
1005
1003
1003
966
966
986
986
1001
1001
962
1002
1002
1002
990
946
946
976
976
991
991
949
949
986
986
979
979
951
951
923
923
953
953
894
892
892
880
880
864
864
845
892
892
921
921
881
881
913
921
921
876
876
904
904
875
875
857
819
819
813
801
801
807
807
783
774
774
786
775
775
762
787
787
771
767
767
786
800
800
786
786
802
825
825
808
808
827
844
844
816
816
808
790
790
777
784
784
770
756
756
751
752
752
770
792
792
778
818
818
830
830
816
816
846
845
845
818
818
850
864
864
835
835
872
866
866
853
853
874
874
852
873
873
892
892
845
845
887
908
908
895
895
923
923
968
968
895
895
922
922
919
889
889
919
919
949
949
906
906
950
950
957
957
917
949
949
958
958
950
950
978
978
996
996
973
973
1000
1000
1008
1008
949
949
989
989
977
977
952
952
884
884
913
939
939
862
862
932
932
912
912
908
953
953
890
890
926
926
895
895
860
878
878
858
858
842
842
869
864
864
850
850
886
884
884
862
862
901
901
879
879
886
914
914
866
866
900
900
908
908
864
904
904
883
883
858
858
843
813
813
798
795
795
830
830
723
781
809
809
852
852
830
851
851
869
869
841
841
865
881
881
838
838
877
877
867
840
840
905
905
941
941
911
911
950
950
943
943
916
944
944
892
892
916
916
880
880
847
838
838
820
784
784
785
785
789
766
766
777
826
826
827
811
811
918
918
841
841
846
842
842
858
858
868
868
833
858
858
864
864
842
881
881
861
861
896
896
953
953
895
947
947
908
908
938
938
947
947
885
885
895
863
863
838
838
819
798
798
793
779
779
810
810
828
862
862
916
916
891
891
931
931
896
857
857
869
869
855
855
854
878
878
840
840
861
851
851
842
842
891
891
862
852
852
875
875
845
833
833
831
831
811
791
791
791
786
786
773
773
793
803
803
860
895
895
844
844
883
883
861
861
869
888
888
837
837
864
837
837
863
863
877
877
861
862
862
863
863
854
854
862
846
846
828
828
805
799
799
785
777
777
760
772
772
785
811
811
848
848
833
844
844
834
834
814
802
802
778
778
787
800
800
802
811
811
844
844
813
842
842
848
848
830
876
876
859
859
854
854
896
874
874
862
862
988
988
921
921
877
877
872
826
826
804
790
790
769
751
751
738
731
731
726
730
730
796
846
846
849
849
833
881
881
858
858
842
842
831
808
808
827
827
826
801
801
828
819
819
828
828
885
885
896
886
886
1009
1009
1031
1031
948
948
997
997
1001
1001
910
910
867
867
896
896
869
849
849
906
906
906
906
880
934
934
895
895
867
867
896
896
906
872
872
914
914
916
916
872
872
880
915
915
929
929
927
927
1001
1001
1009
1009
941
941
996
996
1018
1018
918
918
937
937
953
953
914
967
967
949
949
1018
1018
1018
1018
1040
1040
1040
980
955
955
905
905
863
863
874
842
842
833
833
844
817
817
814
814
832
815
815
804
789
789
798
785
785
765
765
751
758
758
745
740
766
766
805
805
785
826
826
833
833
816
809
809
791
807
807
796
796
778
795
795
784
781
781
813
815
815
805
805
817
818
818
825
825
829
826
826
810
810
845
833
833
817
817
839
870
870
852
852
855
855
898
911
911
924
924
1002
1002
1015
1015
1006
1006
1043
1043
1043
994
994
965
985
985
1008
1008
973
973
1018
1018
1034
1034
1034
1035
1035
978
978
982
982
951
926
926
1001
1001
1037
1037
1010
1010
1051
1051
1051
1065
1065
1008
1008
915
918
918
902
902
861
861
886
896
896
868
868
890
890
882
842
842
829
829
822
804
804
804
787
787
800
800
794
849
849
883
883
839
914
914
956
956
904
904
887
887
1080
1080
948
948
1017
1017
1080
1080
979
979
1011
1011
1057
1057
989
989
1044
1044
1044
1107
1107
1024
1024
1108
1108
1108
1108
1039
1039
1093
1093
1093
1089
1089
1015
1015
1042
1042
1038
1038
962
962
964
964
963
963
975
975
938
962
962
989
989
937
937
951
951
932
932
1043
1043
969
969
1009
1009
1005
1005
953
953
981
981
1000
1000
926
926
967
967
979
979
912
927
927
934
934
945
945
908
908
975
975
1005
1005
987
987
971
971
1033
1033
1032
1032
955
955
977
977
984
984
976
976
927
923
923
940
940
960
960
906
906
923
923
975
975
975
975
922
956
956
973
973
984
984
919
919
937
937
956
956
941
941
887
913
913
935
935
937
937
882
882
916
916
981
981
983
983
936
995
995
995
998
998
1002
1002
967
967
1011
1011
1058
1058
998
998
1042
1042
1063
1063
981
981
991
991
1036
1036
1059
1059
1007
1007
1040
1040
1079
1079
1101
1101
1101
1052
1052
1092
1092
1075
1075
1011
1011
1055
1055
1063
1063
994
994
1051
1051
1075
1075
1075
1028
1028
1048
1048
1089
1089
1033
1033
985
985
1048
1048
1038
1038
976
976
1026
1026
1033
1033
986
986
1050
1050
1075
1075
990
990
1024
1024
1015
1015
964
964
976
976
1007
1007
947
947
938
938
1010
1010
1038
1038
977
977
993
993
1021
1021
978
978
940
940
1004
1004
998
998
961
961
987
987
992
992
944
944
912
947
947
972
972
946
946
946
946
1022
1022
1019
1019
967
967
1034
1034
984
984
942
942
979
979
954
954
911
911
943
967
967
979
979
979
979
1074
1074
1074
1062
1062
1023
1023
1048
1048
1075
1075
1059
1059
925
925
895
895
861
831
831
816
816
860
943
943
888
888
999
999
1001
1001
912
912
960
960
937
937
886
909
909
884
884
850
850
865
864
864
883
883
777
848
848
839
839
812
833
833
838
843
843
826
826
836
856
856
869
869
854
854
930
930
977
977
925
925
1007
1007
1063
1063
982
982
1021
1021
995
995
955
955
959
959
1006
1006
1020
1020
976
976
969
969
990
990
935
1023
1023
1023
1061
1061
920
920
982
821
821
878
878
853
881
881
887
887
878
878
862
835
835
831
831
825
813
813
796
792
792
817
817
803
801
801
778
792
792
806
786
786
787
787
814
806
806
798
819
819
835
835
837
821
821
854
854
859
859
840
842
842
898
898
951
951
894
894
882
1063
1063
1063
984
984
974
974
1039
1039
1021
1021
981
981
1023
1023
1008
1008
940
940
1006
1006
1001
1001
967
967
987
987
1015
1015
975
975
915
962
962
973
973
926
926
872
872
912
912
893
865
865
825
825
855
915
915
907
907
887
887
979
979
1061
1061
949
949
1044
1044
1036
1036
983
983
1025
1025
976
976
926
926
979
979
1000
1000
975
975
919
919
954
954
996
996
1031
1031
1002
1002
1131
1131
1138
1138
1042
1042
1079
1079
1079
1038
1038
956
956
937
1008
1008
1074
1074
1074
1051
1051
1054
1054
1118
1118
1101
1101
1034
1034
1061
1061
1061
1060
1060
943
945
945
913
913
875
875
811
808
808
851
818
818
806
806
824
778
778
779
826
826
785
775
775
772
759
759
747
742
742
718
716
716
748
700
700
696
690
689
689
687
684
678
678
693
693
705
705
714
709
709
721
732
732
735
740
740
724
748
748
747
735
735
729
727
727
709
711
724
724
719
722
722
728
741
741
737
755
755
758
753
753
747
756
756
738
730
730
738
730
730
733
755
756
756
758
758
755
764
764
770
762
762
782
788
788
781
772
772
796
796
793
780
780
801
794
794
788
788
773
794
794
778
796
796
790
802
802
808
808
798
794
794
816
822
822
798
798
808
802
802
789
806
806
801
801
791
764
764
767
780
780
789
793
793
805
805
781
800
800
805
802
802
792
792
824
854
854
818
818
820
855
855
862
862
830
834
834
895
895
873
873
834
842
842
845
845
841
819
819
853
853
864
852
852
873
873
900
900
911
911
892
910
910
898
898
874
874
895
895
892
866
866
894
894
908
908
880
910
910
927
927
907
907
914
914
935
935
946
946
902
940
940
938
938
898
898
919
919
947
947
895
895
933
947
947
908
908
934
934
955
955
930
930
889
889
880
854
854
854
854
861
838
838
857
857
880
870
870
841
841
857
857
873
843
843
852
852
877
838
838
859
859
892
892
879
880
880
910
910
890
890
904
904
938
938
888
897
897
933
933
874
874
906
906
931
898
898
894
894
936
936
892
892
909
942
942
900
900
922
922
941
941
907
907
912
912
961
924
924
903
903
952
952
895
895
916
916
946
946
892
912
912
926
926
899
899
916
916
934
910
910
947
947
979
979
938
938
950
950
967
967
970
970
915
915
939
939
937
902
902
924
924
957
957
935
935
907
907
957
957
998
998
950
950
973
973
990
990
964
951
951
978
978
967
967
918
918
961
961
972
972
929
929
973
973
1023
1023
975
975
963
963
982
982
968
968
936
1033
1033
1033
867
942
942
909
909
962
962
989
989
957
957
949
949
997
997
968
968
938
966
966
981
981
912
912
947
947
956
956
924
924
895
895
951
965
965
931
931
887
887
923
923
966
966
932
932
963
963
1023
1023
972
972
1027
1027
1024
1024
942
942
979
979
993
993
941
979
979
964
964
928
928
929
929
978
978
1014
1014
973
973
966
966
1004
1004
981
981
910
910
904
920
920
900
900
886
886
977
977
1023
1023
983
983
968
968
1034
1034
1034
1034
955
955
911
911
947
947
953
911
911
940
940
970
970
951
951
926
926
1007
1007
1015
1015
954
954
1012
1012
1030
1030
951
951
913
913
941
952
952
907
907
934
934
1006
1006
1022
1022
977
977
1036
1036
1052
1052
1000
1000
955
955
979
979
958
958
910
910
955
955
969
969
939
939
922
986
986
1013
1013
970
970
1006
1006
979
979
1074
1074
1074
959
959
984
1009
1009
957
957
945
945
989
989
999
999
929
929
950
950
959
959
908
908
911
969
969
1009
1009
954
954
939
939
986
986
988
988
963
963
954
954
950
950
918
918
897
972
972
1035
1035
1035
1031
1031
1014
1014
1090
1090
1052
1052
1024
1024
969
969
1018
1018
1004
1004
933
933
959
959
979
979
996
996
951
951
992
992
1014
1014
1003
1003
951
951
1012
1012
1062
1062
1034
1034
979
979
1024
1024
1021
1021
962
962
995
995
995
995
988
988
940
940
984
984
1034
1034
979
979
1004
1004
1027
1027
1025
1025
1008
1008
959
959
1021
1021
988
988
952
952
1000
1000
1005
1005
949
974
974
1012
1012
1018
1018
1018
959
992
992
1023
1023
966
966
974
974
1016
1016
1037
1037
984
984
1016
1016
1004
1004
988
988
1020
1020
1002
1002
977
977
1043
1043
1043
1013
1013
1003
1003
1053
1053
1052
1052
1027
1027
1034
1034
1085
1085
1023
1023
1027
1027
1090
1090
1027
1027
1027
1018
1018
1059
1059
979
979
1000
1000
1022
1022
973
943
943
1010
1010
1059
1059
1059
1020
1020
1027
1027
1067
1067
1060
1060
979
979
964
964
894
840
840
851
851
865
852
852
863
863
930
930
953
953
937
876
876
889
889
898
898
898
898
852
870
870
867
867
849
846
846
893
893
918
918
888
942
942
980
980
924
924
938
938
990
990
974
974
966
966
1021
1021
1012
1012
970
970
1059
1059
1094
1094
1094
1030
1030
1032
1032
1047
1047
1011
1011
1002
1002
1098
1098
1108
1108
1057
1057
1074
1074
1074
1083
1083
1017
1017
1045
1045
1059
1059
1001
1001
950
950
968
968
978
978
932
907
907
965
965
1002
1002
966
966
1001
1001
1073
1073
1006
1006
967
967
1021
1021
1002
1002
946
946
976
976
991
991
991
991
934
934
970
970
1037
1037
1052
1052
995
995
1002
1002
1066
1066
1048
1048
958
958
896
896
890
890
887
848
848
844
844
920
920
979
979
900
961
961
948
948
891
891
926
926
907
907
868
910
910
895
895
869
869
932
938
938
901
901
975
975
1009
1009
945
945
971
971
1005
1005
955
955
963
963
1011
1011
975
975
966
966
1023
1023
1085
1085
1021
1021
1056
1056
1089
1089
1089
1068
1068
1017
1017
1084
1084
1062
1062
996
996
1055
1055
1043
1043
980
980
1001
1001
1008
1008
988
988
931
931
1007
1007
1048
1048
1022
1022
1011
1011
1006
1006
947
947
933
933
1012
1012
1055
1055
990
990
1000
1000
1224
1224
1224
1053
1053
1062
1062
1072
1072
1063
1063
1016
1016
1021
1021
1024
1024
990
990
939
939
982
982
1008
1008
972
972
978
978
1005
1005
1012
1012
951
951
908
908
931
931
931
891
891
951
951
1036
1036
1042
1042
1018
1018
1104
1104
1078
1078
1078
997
997
1006
1006
1020
1020
915
974
974
979
979
954
954
982
982
1030
1030
990
990
982
982
1003
1003
1028
1028
961
961
1002
1002
1039
1039
1025
1025
991
991
1063
1063
1063
1086
1086
996
996
1017
1017
1055
1055
1038
1038
976
976
1018
1018
1064
1064
1051
1051
991
991
1035
1035
1052
1052
1024
1024
1030
1030
959
959
1052
1052
969
969
979
979
1056
1056
1079
1079
1079
998
998
1060
1060
1094
1094
1053
1053
1004
1004
1039
1039
1034
1034
993
993
964
964
993
993
994
994
930
930
973
973
1011
1011
932
932
939
974
974
951
951
920
920
995
995
992
992
946
946
1000
1000
973
973
1082
1082
986
986
1017
1017
1032
1032
989
989
992
992
1022
1022
990
990
958
958
993
993
1011
1011
969
969
924
924
990
990
998
998
969
969
933
933
979
979
992
992
967
967
947
988
988
1001
1001
993
993
965
965
1012
1012
1042
1042
974
974
944
944
981
981
815
815
841
885
885
900
900
866
866
896
952
952
914
914
880
880
932
932
904
904
862
850
850
887
887
883
850
850
873
873
898
898
872
895
895
914
914
885
885
875
875
909
936
936
897
897
945
945
981
981
938
938
977
977
1000
1000
964
964
959
959
1132
1132
1013
1013
1062
1062
1099
1099
1099
1021
1021
947
947
978
1013
1013
1030
1030
1030
996
996
1060
1060
1028
1028
972
972
1013
1013
1039
1039
975
975
950
950
942
905
905
872
872
891
891
914
906
906
894
894
970
970
1012
1012
973
973
993
993
1065
1065
1035
1035
1001
1001
953
953
993
993
958
958
889
889
883
883
920
949
949
913
913
958
958
1024
1024
1034
1034
948
948
996
996
1034
1034
976
976
974
974
1017
1017
1005
1005
939
939
1001
1001
1012
1012
955
955
963
963
985
985
960
960
923
923
977
977
979
927
927
953
953
957
957
968
968
937
937
979
979
1019
1019
1008
1008
952
952
986
986
1063
1063
1082
1082
1004
1004
1061
1061
1070
1070
1070
1039
1039
992
992
1004
1004
1009
1009
987
987
938
977
977
979
979
975
975
926
926
979
979
996
996
980
980
937
937
958
958
975
975
939
939
960
901
901
993
993
978
978
951
951
1029
1029
1057
1057
988
988
987
987
1022
1022
1027
1027
950
950
1003
1003
1046
1046
992
992
990
990
1036
1036
1036
1025
1025
961
994
994
1002
1002
969
969
951
951
988
988
1008
1008
974
974
954
954
975
975
996
996
954
954
921
921
992
992
1009
1009
940
940
948
948
1001
1001
992
992
956
993
993
930
930
903
903
887
887
894
889
889
854
854
891
891
930
930
914
888
888
969
969
978
978
967
967
922
922
968
968
955
955
928
928
915
942
942
956
956
913
913
927
927
988
988
946
946
972
972
969
969
994
994
951
951
951
951
1020
1020
1016
1016
960
960
994
994
1026
1026
968
968
989
989
1004
1004
978
978
955
1014
1014
1014
1014
1014
977
968
968
1012
1012
1017
1017
960
960
921
921
961
961
959
959
948
948
895
895
906
954
954
974
974
948
948
1020
1020
1061
1061
996
996
992
992
1034
1034
1034
1000
1000
948
987
987
963
963
912
912
877
877
923
923
965
965
935
938
938
1021
1021
1041
1041
1041
971
993
993
1004
1004
1006
1006
937
937
976
976
978
978
955
955
897
897
887
887
931
972
972
940
940
943
943
1087
1087
1063
1063
1063
987
987
1028
1028
1023
1023
999
999
935
935
925
945
945
913
913
897
897
911
911
964
964
953
921
921
966
966
980
980
922
922
907
907
950
950
979
979
933
933
984
984
1060
1060
1023
1023
964
964
1032
1032
1048
1048
971
971
964
964
990
990
1010
1010
932
932
977
977
999
999
945
928
928
959
959
943
943
874
874
897
915
915
921
921
910
910
973
973
1021
1021
996
996
960
960
1032
1032
1045
1045
987
987
968
968
1016
1016
992
992
944
944
934
934
975
975
976
976
923
923
920
964
964
953
953
970
970
941
941
994
994
1013
1013
949
949
965
965
980
980
980
980
953
953
919
919
991
991
1015
1015
981
981
1012
1012
1055
1055
1018
1018
969
969
1003
1003
969
969
907
929
929
956
956
915
915
893
893
925
925
953
907
907
918
918
985
985
974
974
949
949
975
975
993
993
968
968
933
933
954
954
977
977
983
983
932
978
978
1026
1026
998
998
958
958
954
954
976
976
959
959
914
914
961
961
964
964
961
961
904
948
948
981
981
983
983
916
916
910
910
917
917
915
915
881
945
945
1028
1028
1035
1035
987
987
1068
1068
1068
1072
1072
1031
1031
994
994
1010
1010
1012
1012
949
949
946
946
954
954
943
903
903
941
941
941
941
939
939
908
908
968
968
975
975
987
987
944
988
988
1027
1027
974
974
967
967
998
998
1028
1028
969
969
984
984
1025
1025
1001
1001
997
997
958
958
993
993
946
946
922
922
975
975
999
999
910
910
900
926
926
936
936
894
894
885
885
939
939
965
965
930
935
935
978
978
1024
1024
964
964
930
930
1021
1021
978
978
935
935
990
990
1012
1012
972
972
929
929
971
971
986
986
961
961
937
978
978
955
955
936
936
884
884
849
849
845
841
841
861
861
873
904
904
920
920
883
883
902
902
904
892
892
869
869
851
851
821
835
835
817
798
798
813
813
835
874
874
847
847
879
915
915
958
958
919
919
1015
1015
1090
1090
1090
1074
1074
1049
1049
1007
1007
1214
1214
1214
1029
1029
1064
1064
1109
1109
1067
1067
1005
1005
1079
1079
1153
1153
1153
1105
1105
1086
1086
1072
1072
1054
1054
994
994
978
978
1014
1014
1000
1000
948
948
1003
1003
1065
1065
1051
1051
983
983
1057
1057
1072
1072
1072
1039
1039
971
1044
1044
1044
1086
1086
1050
1050
1025
1025
1033
1033
987
987
943
943
935
935
1000
1000
1049
1049
993
993
1088
1088
1146
1146
1085
1085
1085
1034
1034
1095
1095
1095
1095
1017
1017
997
997
1034
1034
1011
1011
953
953
990
990
1018
1018
973
973
928
928
941
911
911
859
859
897
897
928
895
895
983
983
1215
1215
1215
625
993
993
1008
1008
936
936
995
995
1021
1021
934
934
928
928
951
951
959
900
900
950
950
992
992
1001
1001
936
936
1002
1002
1046
1046
982
982
937
937
1002
1002
1042
1042
983
983
1008
1008
1075
1075
1091
1091
1091
1030
1030
1039
1039
1108
1108
1100
1100
1064
1064
979
979
1009
1009
922
922
888
888
933
984
984
955
955
1010
1010
1112
1112
1112
1078
1078
1049
1049
1122
1122
1096
1096
1096
1004
1004
1022
1022
1067
1067
1022
1022
989
989
1040
1040
1074
1074
1013
1013
982
982
1064
1064
1067
1067
979
979
945
945
1001
1001
1024
1024
982
982
1008
1008
1006
1006
965
965
924
924
893
949
949
896
896
870
870
950
950
923
923
945
981
981
962
962
928
928
941
941
1006
1006
801
801
1079
1079
922
922
1010
1010
984
984
922
922
899
850
850
871
871
879
831
831
878
878
976
976
925
925
919
927
927
916
916
825
825
845
835
835
846
846
815
799
799
819
800
800
774
774
786
774
774
755
745
745
733
734
744
744
738
742
742
743
775
775
801
801
830
842
842
785
785
822
851
851
815
815
808
802
802
794
773
773
782
777
777
766
766
757
744
779
779
771
771
864
819
819
869
869
871
871
826
849
849
827
827
787
766
766
802
778
778
750
739
739
726
719
719
713
703
697
697
693
688
682
682
687
691
727
727
733
781
781
796
796
787
816
816
819
819
794
806
806
791
773
773
759
744
744
729
737
737
924
924
529
740
757
757
750
778
778
785
775
775
791
791
815
836
836
813
813
834
825
825
807
791
791
785
785
765
773
773
778
804
804
797
829
829
860
860
851
851
871
895
895
880
880
864
864
875
878
878
840
840
866
866
832
806
806
784
761
761
811
733
733
786
779
779
778
778
760
770
770
771
783
783
770
801
801
837
837
874
829
829
854
854
865
865
854
824
824
835
835
825
806
806
820
836
836
829
829
815
795
795
783
783
800
800
800
790
798
798
821
821
821
806
806
832
844
844
830
830
823
859
859
848
848
842
842
843
819
819
847
847
851
802
802
802
793
793
771
771
783
785
785
777
787
787
812
823
823
803
803
824
831
831
813
813
813
822
822
818
818
797
820
820
837
829
829
822
822
866
866
890
848
848
897
897
907
907
858
868
868
860
860
867
867
858
907
907
888
888
874
874
917
917
908
877
877
888
888
871
871
840
861
861
878
878
843
890
890
925
925
888
888
926
926
951
951
899
899
924
938
938
910
910
902
902
926
926
940
940
897
948
948
974
974
912
912
949
949
935
935
904
904
920
920
891
852
852
863
863
838
820
820
802
795
795
800
800
790
802
802
823
823
823
805
805
819
826
826
801
801
823
830
830
828
828
809
844
844
857
857
820
855
855
878
878
860
837
837
857
857
857
857
833
814
814
835
844
844
839
839
810
849
849
841
841
815
819
819
832
832
826
819
819
770
770
773
792
792
763
749
749
740
737
722
722
728
719
719
701
706
706
704
709
713
713
718
745
745
756
752
752
734
752
752
780
800
800
798
798
800
820
820
831
831
827
804
804
831
831
812
835
835
815
835
835
852
852
847
847
816
838
838
843
843
868
850
850
867
867
896
896
911
883
883
904
904
923
923
913
913
875
875
903
890
890
861
861
857
861
861
847
847
833
833
855
865
865
835
835
878
896
896
858
858
863
863
861
839
839
857
857
845
854
854
783
783
808
785
785
770
766
766
775
779
779
781
815
815
852
852
838
838
869
893
893
864
864
877
877
900
882
882
859
859
878
878
889
889
848
873
873
881
881
852
877
877
894
894
881
881
914
914
929
884
884
913
913
915
915
902
902
848
888
888
859
859
855
855
879
875
875
852
852
881
878
878
845
845
866
866
864
855
855
837
837
871
881
881
864
864
893
893
897
897
863
858
858
864
864
843
824
824
849
849
854
833
833
874
874
891
891
858
887
887
905
905
871
871
895
895
899
879
879
858
858
878
878
878
844
844
863
863
866
842
842
852
852
878
878
879
840
840
871
871
882
882
856
863
863
895
895
897
897
861
904
904
896
896
858
858
880
887
887
865
865
843
843
872
851
851
827
827
802
791
791
798
779
779
797
808
808
797
797
795
843
843
857
857
834
869
869
894
894
882
882
872
920
920
931
931
885
885
900
900
914
914
883
865
865
898
898
913
913
871
898
898
920
920
882
882
868
868
897
898
898
859
859
873
873
854
787
787
826
803
803
781
781
774
810
810
768
785
785
777
759
759
745
742
742
763
774
774
786
794
794
844
844
873
873
831
846
846
861
861
859
827
827
847
847
870
870
864
835
835
872
872
888
854
854
852
852
861
861
851
830
830
802
802
790
817
817
838
874
874
848
848
887
887
906
906
883
897
897
916
916
902
902
883
883
914
938
938
892
892
916
916
943
943
931
931
904
945
945
952
952
901
901
923
923
937
937
922
922
892
929
929
941
941
903
903
920
920
948
948
953
953
903
964
964
975
975
932
932
945
945
964
964
955
955
949
949
898
898
943
943
896
934
934
955
955
911
911
938
938
953
953
906
906
914
915
915
901
901
867
867
891
876
876
869
869
864
864
834
862
862
868
868
844
849
849
857
857
849
831
831
872
872
886
886
853
888
888
905
905
879
879
890
913
913
888
888
894
894
915
915
915
915
876
895
895
897
897
871
871
869
888
888
886
886
859
859
890
898
898
867
867
877
877
890
893
893
861
861
900
900
906
906
880
890
890
906
906
890
890
855
894
894
900
900
866
866
869
896
896
899
899
866
866
881
881
904
896
896
856
856
871
871
877
858
858
831
831
804
795
795
786
796
796
804
804
778
789
789
789
786
786
772
792
792
790
791
791
791
791
779
793
793
772
745
745
785
757
757
731
724
724
720
718
716
716
714
703
703
697
712
718
718
732
719
719
798
798
815
885
885
896
896
880
880
932
932
938
938
872
895
895
907
907
880
880
845
869
869
863
863
841
841
822
855
855
862
862
882
855
855
903
903
947
947
932
932
931
931
962
962
965
965
894
934
934
930
930
887
887
885
885
882
876
876
1128
1128
609
886
886
880
880
850
850
824
805
805
817
818
818
835
835
820
838
838
856
856
845
842
842
881
881
903
903
855
896
896
907
907
861
861
908
908
918
918
871
900
900
929
929
880
880
877
841
841
819
819
835
818
818
809
809
793
807
807
820
782
782
771
766
766
804
804
802
820
820
842
841
841
820
820
849
849
852
826
826
830
830
853
860
860
836
836
866
880
880
863
863
858
858
884
890
890
862
862
855
855
868
855
855
826
826
848
861
861
853
853
831
831
866
887
887
853
853
883
883
912
880
880
890
890
913
913
896
896
860
896
896
893
893
858
858
885
892
892
857
857
855
855
865
849
849
829
829
809
809
809
823
854
854
876
876
851
851
882
902
902
894
894
881
881
917
917
928
928
889
906
906
915
915
883
883
879
891
891
1108
1108
1108
616
886
891
891
854
854
877
877
899
872
872
835
835
854
854
844
845
845
835
835
813
825
825
824
807
807
802
802
828
837
837
825
825
865
868
868
831
831
849
831
831
813
813
801
800
800
784
789
789
789
789
778
783
783
791
776
776
787
766
766
798
771
771
786
786
795
801
801
806
806
806
786
786
787
784
784
786
780
780
783
808
808
827
827
818
839
839
839
839
818
794
794
782
782
777
779
779
795
809
809
810
834
834
863
863
876
876
849
876
876
879
879
879
879
861
887
887
867
867
888
888
880
880
890
880
880
866
866
912
912
915
915
883
891
891
899
899
899
899
865
896
896
911
911
888
888
890
890
913
905
905
881
881
921
921
939
939
906
906
929
945
945
923
923
906
906
917
917
882
882
869
893
893
897
897
882
882
894
886
886
866
866
869
869
919
959
959
916
916
949
949
966
966
916
916
929
929
925
925
868
880
880
863
863
833
840
840
833
833
817
841
841
867
867
853
862
862
885
885
875
875
877
839
839
856
856
867
867
835
845
845
850
850
836
826
826
842
842
908
861
861
918
918
953
953
911
911
938
938
962
962
904
929
929
950
950
912
912
926
926
952
952
926
926
908
908
935
930
930
895
895
937
937
938
938
892
892
926
934
934
886
886
925
925
939
939
891
891
915
940
940
903
903
921
921
941
941
923
923
876
896
896
844
844
855
862
862
831
831
809
859
859
832
832
842
831
831
824
824
811
826
826
835
835
821
808
808
815
802
802
786
786
795
781
781
767
760
760
761
793
793
819
819
819
817
817
879
879
911
911
867
901
901
915
915
863
863
872
896
896
862
862
856
856
882
911
911
854
854
866
866
863
844
844
841
841
810
822
822
824
824
819
809
809
849
849
871
849
849
851
851
883
883
873
831
831
842
842
849
836
836
807
807
824
828
828
824
798
798
829
829
831
838
838
818
818
862
873
873
848
848
858
858
862
834
834
859
859
865
802
802
790
790
809
761
761
747
734
734
723
714
703
703
713
712
712
716
720
714
714
716
737
737
771
812
812
802
802
797
843
843
847
847
853
822
822
824
824
833
822
822
794
794
796
814
814
812
818
818
816
816
846
859
859
833
833
846
846
864
872
872
845
845
881
881
886
860
860
899
899
896
896
867
870
870
892
892
871
871
880
855
855
846
846
860
860
860
823
823
853
853
866
851
851
854
854
895
895
904
867
867
896
896
895
895
864
878
878
856
856
858
858
840
869
869
886
886
862
862
889
890
890
861
861
866
866
846
818
818
817
807
807
793
793
789
794
794
789
778
778
760
766
766
790
792
792
804
804
804
783
783
789
796
796
788
778
778
802
802
813
808
808
852
852
885
858
858
869
869
895
895
881
881
867
906
906
912
912
879
879
907
907
928
891
891
896
896
913
913
891
891
856
896
896
895
895
853
853
886
896
896
884
884
863
863
905
925
925
897
897
923
923
945
945
905
905
888
888
901
884
884
847
847
862
868
868
877
877
823
823
884
925
925
932
932
898
898
946
946
941
941
893
932
932
938
938
897
897
929
929
938
938
913
913
900
930
930
908
908
888
888
916
916
935
935
893
928
928
940
940
922
922
904
904
857
806
806
843
843
801
781
781
770
760
760
740
787
787
700
733
724
724
733
759
759
772
798
798
792
792
779
776
776
800
825
825
837
837
816
809
809
832
832
826
821
821
806
806
822
828
828
823
823
800
818
818
821
830
830
806
806
822
831
831
843
843
831
813
813
837
837
841
836
836
806
806
833
846
846
830
830
853
842
842
812
812
811
820
820
816
816
820
801
801
821
831
831
835
835
819
829
829
841
841
852
842
842
863
863
886
886
871
880
880
892
892
853
853
852
853
853
834
834
811
832
832
835
835
825
837
837
853
853
843
828
828
837
837
856
819
819
835
835
842
817
817
820
820
833
839
839
815
815
852
868
868
844
844
854
854
856
832
832
842
842
857
843
843
842
842
822
825
825
820
820
795
813
813
818
808
808
802
802
826
836
836
819
819
837
851
851
852
852
835
859
859
842
842
885
885
826
852
852
854
854
836
820
820
857
857
857
825
825
861
861
854
839
839
854
854
866
866
844
820
820
837
837
825
810
810
827
822
822
802
802
792
793
793
784
779
779
794
799
799
794
794
801
806
806
781
781
781
770
770
753
764
773
773
742
742
754
765
765
762
753
753
764
769
769
762
756
756
740
734
734
730
763
763
769
775
775
791
806
806
787
787
797
813
813
835
808
808
818
818
833
829
829
818
818
840
851
851
847
847
845
845
877
882
882
861
861
899
899
910
910
872
876
876
955
955
884
884
908
908
916
873
873
891
891
896
896
863
884
884
909
909
878
878
893
893
904
867
867
888
888
889
889
853
888
888
890
890
857
857
865
874
874
851
851
821
840
840
840
840
818
804
804
786
769
769
780
779
779
765
771
771
783
783
791
785
785
795
807
807
805
805
793
812
812
814
797
797
822
822
825
803
803
806
806
818
803
803
772
810
810
818
818
797
805
805
809
806
806
800
800
785
774
774
788
807
807
825
825
804
842
842
863
863
874
837
837
868
868
900
900
917
917
873
905
905
921
921
925
925
887
887
914
914
926
881
881
884
884
891
891
886
851
851
883
883
890
890
877
899
899
925
925
922
922
899
899
944
944
925
925
884
896
896
880
880
843
858
858
859
859
830
843
843
835
835
818
838
838
833
833
810
832
832
826
826
810
803
803
814
808
808
802
802
782
765
765
758
782
782
759
765
765
776
780
780
779
764
764
778
778
787
797
797
776
792
792
785
771
771
774
778
778
785
785
813
845
845
836
836
831
864
864
875
875
847
847
857
871
871
875
875
843
843
842
855
855
847
847
815
844
844
857
857
851
830
830
855
855
860
840
840
847
847
856
856
834
820
820
842
842
844
821
821
839
847
847
826
826
830
844
844
838
838
818
845
845
853
853
829
829
834
830
830
825
825
820
792
792
800
802
802
812
812
784
814
814
844
835
835
818
818
846
851
851
815
815
831
849
849
820
820
808
829
829
831
831
802
811
811
817
817
791
780
780
800
795
795
768
788
788
799
778
778
774
774
794
788
788
768
780
780
784
771
771
768
800
800
808
808
798
828
828
800
800
864
828
828
838
838
804
808
808
821
821
802
789
789
768
754
754
771
786
786
787
780
780
809
809
818
815
815
813
813
796
820
820
830
813
813
810
810
832
838
838
811
811
829
841
841
851
851
817
845
845
855
855
843
829
829
866
866
844
844
863
869
869
860
860
824
846
846
856
856
830
862
862
870
870
845
845
862
888
888
874
874
846
846
891
890
890
851
851
880
880
882
872
872
833
833
863
863
873
863
863
838
838
868
874
874
846
846
827
855
855
849
849
816
835
835
842
842
845
845
810
833
833
827
825
825
812
812
801
782
782
792
793
793
792
792
785
819
819
851
854
854
843
843
896
896
899
899
861
891
891
887
887
851
851
869
884
884
853
853
844
876
876
871
871
842
842
897
912
912
895
895
898
898
947
947
950
950
922
922
954
954
973
973
927
936
936
948
948
888
888
888
888
888
858
858
837
837
886
886
902
872
872
938
938
938
938
905
905
909
909
937
871
871
871
871
886
886
852
856
856
866
866
839
830
830
850
850
826
816
816
812
812
833
811
811
844
867
867
874
874
839
839
889
903
903
854
854
894
894
904
904
854
851
851
849
849
842
815
815
826
826
843
824
824
839
839
861
866
866
841
841
876
876
871
839
839
842
842
839
818
818
788
783
783
837
837
833
826
826
836
836
834
846
846
846
846
824
833
833
758
758
796
815
815
822
803
803
823
823
863
860
860
830
830
863
863
892
886
886
863
863
916
916
939
939
919
919
924
947
947
943
943
890
890
930
930
932
932
896
896
920
946
946
928
928
940
940
950
950
908
908
907
907
920
881
881
898
898
908
908
913
913
887
924
924
921
921
882
882
915
915
917
882
882
917
917
925
925
882
882
920
948
948
915
915
942
942
962
962
881
881
900
900
906
865
865
848
848
883
883
909
899
899
906
906
872
872
886
901
901
876
876
867
867
891
891
892
1149
1149
1149
624
918
918
880
914
914
928
928
895
895
913
913
932
932
909
909
900
885
885
850
850
835
826
826
851
851
861
843
843
884
884
910
910
870
909
909
920
920
874
874
898
898
897
851
851
883
883
883
883
860
875
875
900
900
898
898
874
874
1087
1087
767
893
893
931
931
937
937
899
899
903
913
913
896
896
889
889
820
819
819
840
840
804
799
799
813
801
801
787
773
773
770
770
769
762
762
770
788
788
813
813
813
810
810
853
858
858
830
830
845
849
849
834
834
811
825
825
813
813
824
779
779
823
823
824
803
803
797
813
813
797
797
782
762
762
750
750
750
769
782
782
785
772
772
805
823
823
818
818
805
835
835
854
854
823
836
836
839
839
827
816
816
848
848
845
826
826
864
864
880
880
851
860
860
887
887
881
881
848
839
839
894
894
833
843
843
829
829
785
803
803
794
754
754
748
743
743
734
732
732
723
719
719
728
736
750
750
746
750
750
777
777
801
873
873
916
916
874
874
894
894
893
882
882
849
849
872
872
872
843
843
857
857
876
864
864
842
842
857
857
899
854
854
893
893
886
886
854
872
872
871
871
851
851
889
902
902
885
885
895
895
902
902
844
875
875
883
883
841
884
884
871
871
843
843
879
877
877
837
837
864
864
875
852
852
861
861
886
869
869
839
839
872
872
880
851
851
841
841
857
905
905
841
841
890
890
898
898
859
870
870
885
885
854
828
828
871
871
871
871
854
826
826
857
857
840
796
796
792
810
810
776
776
766
757
757
749
744
735
735
732
724
724
718
737
737
765
811
811
807
807
858
910
910
896
896
877
877
850
850
952
952
863
880
880
879
879
839
870
870
857
857
835
835
866
897
897
875
875
895
895
918
918
888
899
899
917
917
878
878
885
903
903
900
900
878
878
916
916
917
917
880
918
918
912
912
877
877
896
904
904
882
882
870
870
903
903
872
887
887
839
839
877
851
851
885
885
888
888
863
897
897
918
918
876
876
874
874
900
888
888
849
849
876
876
863
848
848
834
834
808
789
789
806
813
813
814
814
817
829
829
802
813
813
815
815
813
797
797
821
821
824
810
810
855
855
883
848
848
841
841
916
916
848
868
868
877
877
844
844
874
880
880
852
852
887
887
877
844
844
865
865
869
844
844
866
866
892
892
854
869
869
877
877
850
850
872
891
891
885
885
875
875
886
868
868
877
877
892
892
872
889
889
920
920
887
887
893
893
890
889
889
860
860
856
856
832
819
819
795
796
796
828
828
839
814
814
849
849
881
864
864
865
865
905
905
895
895
852
898
898
902
902
854
854
880
896
896
875
875
900
900
909
876
876
905
905
885
885
881
881
908
876
876
888
888
887
887
859
901
901
896
896
859
859
900
900
907
881
881
911
911
891
891
909
909
931
897
897
913
913
920
920
874
874
896
889
889
830
830
833
843
843
830
830
838
882
882
877
877
873
873
896
896
904
875
875
864
864
850
815
815
815
815
801
788
788
787
813
813
740
777
777
767
761
761
739
759
759
758
763
763
782
782
781
771
771
819
832
832
823
823
813
804
804
780
792
792
805
805
784
789
789
817
834
834
807
807
835
832
832
828
828
841
887
887
882
882
861
861
914
914
955
955
899
949
949
949
949
917
917
894
894
912
912
883
883
915
879
879
854
854
877
857
857
877
877
900
900
886
886
854
893
893
908
908
865
865
900
926
926
896
896
909
909
937
937
897
897
928
949
949
920
920
932
932
957
957
923
923
897
897
923
903
903
872
872
917
917
908
908
896
906
906
890
890
820
820
843
830
830
784
771
771
763
753
753
742
732
732
720
701
705
705
717
742
742
774
777
777
834
834
865
889
889
850
850
892
892
904
904
894
859
859
890
890
896
896
865
865
856
876
876
881
881
838
856
856
862
862
864
864
840
878
878
871
871
836
875
875
896
896
862
862
886
896
896
864
864
874
874
885
885
860
854
854
888
888
877
856
856
892
892
901
901
868
868
902
906
906
863
863
898
898
902
862
862
884
884
893
893
864
886
886
887
887
854
854
866
891
891
880
880
888
888
938
938
953
953
917
958
958
934
934
905
905
933
933
920
920
874
874
903
845
845
859
859
858
888
888
885
885
883
883
850
868
868
876
876
881
881
859
887
887
873
873
854
854
907
908
908
881
881
915
915
937
937
888
899
899
924
924
876
876
907
907
933
933
890
924
924
954
954
924
924
920
920
945
945
912
912
915
942
942
917
917
913
913
924
924
890
890
902
913
913
861
861
854
854
866
823
823
846
846
832
816
816
839
825
825
848
848
838
833
833
821
821
803
826
826
785
785
785
803
803
826
831
831
867
867
889
889
893
878
878
914
914
913
913
875
875
899
899
899
868
868
897
897
922
922
885
894
894
917
917
880
880
895
895
914
890
890
935
935
965
965
922
922
947
947
964
964
904
904
917
896
896
868
868
905
905
783
846
846
879
879
895
862
862
914
914
952
952
926
926
929
929
967
967
933
933
937
955
955
910
910
924
924
938
938
898
898
912
898
898
870
870
800
837
837
813
813
805
811
811
814
819
819
813
813
784
786
786
813
819
819
829
829
814
845
845
863
863
883
883
840
875
875
902
902
902
902
859
904
904
929
929
859
859
854
854
857
853
853
834
834
830
875
875
895
895
863
863
896
929
929
937
937
890
890
923
923
920
920
876
891
891
900
900
896
896
870
870
897
907
907
892
892
895
895
964
964
907
912
912
939
939
929
929
927
927
978
978
962
962
936
936
958
958
922
914
914
887
887
866
866
847
857
857
838
838
881
913
913
860
860
883
883
899
899
860
860
860
896
896
904
904
845
572
1110
1110
1110
920
920
910
912
912
896
896
897
897
817
829
829
816
816
849
879
879
876
876
887
887
939
939
940
910
910
901
901
900
900
883
883
856
840
840
841
841
838
868
868
891
891
850
850
879
898
898
878
878
874
874
898
901
901
856
856
874
874
879
893
893
854
854
877
877
897
897
881
883
883
901
901
901
901
862
892
892
844
844
852
852
832
833
833
881
881
866
849
849
836
836
849
834
834
822
822
852
851
851
853
853
851
877
877
917
917
884
884
865
865
850
827
827
837
837
832
825
825
806
832
832
823
823
805
776
776
812
782
782
771
771
764
752
752
757
749
742
742
738
721
721
730
749
749
786
821
821
817
817
878
878
904
917
917
882
882
918
918
928
928
921
921
875
875
904
907
907
894
894
863
863
888
910
910
864
864
856
856
913
912
912
861
861
875
875
883
883
883
863
863
926
926
905
905
906
906
942
914
914
940
940
927
927
898
898
926
926
908
908
914
951
951
897
897
938
938
931
931
890
890
935
922
922
896
896
930
930
914
914
877
898
898
888
888
860
860
885
868
868
839
839
862
862
852
836
836
831
831
822
829
829
834
800
800
814
814
800
796
796
814
847
847
842
842
815
851
851
850
850
833
833
827
830
830
817
817
796
791
791
778
791
791
809
802
802
793
793
830
847
847
835
835
827
867
867
878
878
840
840
854
857
857
855
855
824
851
851
846
846
825
827
827
816
816
845
863
863
834
834
850
863
863
852
852
831
831
862
866
866
833
833
854
862
862
855
855
835
866
866
877
877
853
853
876
882
882
850
850
845
845
859
857
857
830
830
844
855
855
824
824
834
853
853
835
835
818
836
836
811
811
796
777
777
798
812
812
807
807
819
820
820
813
808
808
797
797
777
772
772
774
813
813
832
832
844
836
836
817
817
851
905
905
900
900
857
857
896
896
903
875
875
844
844
870
870
876
858
858
833
833
870
856
856
879
879
880
880
868
822
822
858
858
837
816
816
832
832
824
807
807
823
823
863
854
854
829
829
860
837
837
839
839
813
830
830
832
832
816
807
807
790
796
796
785
785
809
833
833
826
826
830
880
880
875
875
840
875
875
894
894
873
873
846
876
876
897
897
872
872
873
873
904
877
877
845
845
872
872
873
844
844
841
841
883
896
896
875
875
891
891
915
915
893
852
852
880
880
857
857
833
799
799
816
805
805
815
815
820
812
812
800
827
827
823
823
809
853
853
875
875
878
878
852
876
876
927
927
873
873
962
962
902
923
923
923
923
880
880
902
902
912
912
896
869
869
912
912
922
922
893
893
899
919
919
904
904
864
864
903
903
926
883
883
916
916
927
927
905
905
869
903
903
910
910
873
873
875
895
895
874
874
841
841
859
873
873
871
871
845
845
838
824
824
835
819
819
813
813
850
863
863
844
844
841
841
870
831
831
787
835
835
793
793
779
776
776
773
768
768
763
752
752
752
746
746
759
795
795
838
838
856
861
861
926
926
952
952
905
905
914
914
935
935
896
852
852
887
887
840
856
856
829
829
855
855
866
850
850
836
836
877
871
871
838
838
847
857
857
851
851
828
828
855
829
829
809
793
793
766
766
777
797
797
820
813
813
868
868
912
912
902
883
883
928
928
932
932
888
888
926
926
941
941
906
913
913
910
910
945
945
896
896
946
946
964
964
907
934
934
950
950
900
900
913
913
937
937
902
896
896
931
931
917
917
886
886
930
930
931
902
902
941
941
938
938
902
902
932
932
941
941
874
883
883
903
903
893
893
887
885
885
843
843
854
835
835
864
864
757
821
821
813
856
856
885
885
873
873
900
900
924
924
884
896
896
911
911
894
894
872
890
890
904
904
861
861
889
889
904
878
878
902
902
925
925
930
930
893
831
831
832
832
838
804
804
791
786
786
777
760
760
767
750
750
743
738
738
763
694
694
791
844
844
869
869
837
837
876
892
892
896
896
847
847
858
855
855
829
829
800
811
811
805
805
786
804
804
818
813
813
794
794
824
824
824
818
818
788
810
810
805
780
780
794
813
813
825
825
812
826
826
838
838
833
800
800
816
816
805
848
848
838
838
867
898
898
895
895
870
870
908
908
912
877
877
902
902
911
911
876
876
872
901
901
920
920
874
874
902
902
915
884
884
891
891
914
914
924
924
885
923
923
936
936
916
916
923
923
949
949
943
943
906
955
955
964
964
1015
1015
816
816
934
934
884
884
896
941
941
927
927
898
898
938
938
935
935
887
934
934
945
945
888
888
911
911
877
875
875
850
850
814
856
856
843
843
838
848
848
856
856
820
820
840
829
829
818
805
805
818
818
812
841
841
860
860
835
835
835
841
841
866
866
837
849
849
866
866
862
830
830
860
860
855
832
832
843
843
853
849
849
831
831
849
849
856
829
829
852
852
856
842
842
851
851
879
846
846
838
838
869
869
828
814
814
812
796
796
777
777
814
818
818
810
762
762
814
814
804
780
780
793
789
789
787
784
784
771
771
761
778
778
778
783
783
771
771
771
796
832
832
840
840
827
879
879
889
889
846
846
856
872
872
867
867
865
865
834
870
870
870
870
857
857
836
869
869
876
876
875
875
847
870
870
875
875
862
865
865
880
880
885
885
858
877
877
885
885
870
870
830
851
851
844
844
821
811
811
825
825
835
814
814
801
838
838
843
843
842
836
836
856
856
846
846
823
844
844
836
836
810
820
820
823
805
805
803
803
818
819
819
806
806
808
821
821
822
816
816
840
840
854
827
827
843
843
849
849
841
829
829
855
855
858
820
820
820
820
831
814
814
772
790
790
782
759
759
752
748
748
741
737
737
732
710
710
724
720
729
729
733
761
761
810
810
846
817
817
864
864
886
886
836
844
844
849
849
819
826
826
826
826
807
803
803
814
799
799
792
792
817
815
815
798
798
815
813
813
791
798
798
795
795
811
792
792
823
843
843
823
823
837
855
855
848
848
823
823
796
802
802
786
776
776
749
757
757
799
826
826
843
843
823
836
836
856
856
827
820
820
905
905
860
860
854
839
839
882
882
901
901
864
871
871
900
900
908
908
870
870
895
915
915
924
924
883
883
897
897
901
864
864
821
821
787
816
816
770
747
747
738
734
734
729
729
730
730
723
719
719
725
757
757
795
803
803
792
792
771
938
938
830
830
813
846
846
842
842
833
833
801
813
813
817
799
799
782
799
799
810
810
816
805
805
852
852
873
854
854
851
851
873
873
857
854
854
856
856
850
850
838
852
852
853
853
844
854
854
848
848
840
860
860
851
851
853
856
856
852
852
819
819
842
818
818
836
837
837
823
823
820
807
807
806
806
821
837
837
838
838
815
839
839
841
841
830
822
822
842
842
857
831
831
832
832
856
874
874
885
885
850
850
842
871
871
880
880
874
874
856
873
873
872
872
845
845
869
863
863
877
877
747
793
793
770
763
763
763
755
755
753
739
739
755
753
753
761
756
756
775
791
791
825
862
862
896
896
859
859
889
889
908
908
896
851
851
860
860
846
825
825
831
831
847
847
847
844
844
864
864
872
836
836
868
868
870
849
849
856
856
914
914
855
845
845
840
840
834
819
819
840
840
836
815
815
838
838
843
822
822
837
837
846
826
826
853
853
852
818
818
830
830
831
799
799
821
821
818
800
800
799
803
803
792
792
774
798
798
798
792
792
779
771
771
788
788
772
783
783
800
810
810
788
798
798
818
818
827
813
813
846
846
844
837
837
813
813
772
819
819
776
751
751
742
739
739
732
730
730
729
730
730
710
720
740
740
761
789
789
784
784
830
866
866
889
889
850
850
888
897
897
870
870
861
861
869
869
864
862
862
830
830
876
848
848
874
874
893
893
903
887
887
927
927
923
923
904
904
929
929
904
889
889
892
892
889
889
868
868
896
888
888
887
887
919
919
897
897
887
900
900
865
865
877
877
889
870
870
874
874
900
900
873
874
874
891
891
852
852
876
880
880
846
846
868
865
865
835
835
863
863
854
827
827
853
853
849
819
819
849
849
838
829
829
858
858
866
841
841
884
884
885
885
851
877
877
881
881
841
841
859
868
868
842
842
868
875
875
841
841
862
862
860
831
831
847
847
842
908
908
687
815
815
774
774
764
764
764
766
765
765
741
761
761
753
752
752
746
741
723
723
730
754
754
792
788
788
800
800
837
838
838
817
817
840
840
853
823
823
825
825
828
813
813
795
806
806
813
813
799
829
829
838
838
827
828
828
823
823
875
820
820
854
854
852
830
830
822
822
854
855
855
826
826
851
852
852
823
823
842
839
839
818
818
828
838
838
821
821
802
783
783
771
755
755
743
787
787
766
761
761
771
775
775
772
772
770
758
758
753
754
754
780
787
787
781
834
834
788
788
849
806
806
839
839
850
855
855
827
827
852
868
868
834
834
838
838
823
813
813
793
781
781
806
806
843
833
833
896
896
942
942
915
915
931
938
938
897
897
904
904
879
879
876
872
872
854
854
834
834
805
819
819
851
866
866
834
834
846
846
866
814
814
798
779
779
797
797
769
755
748
748
745
740
740
746
745
745
743
724
724
732
771
771
828
869
869
843
843
872
872
916
916
916
916
864
860
860
884
884
875
875
851
846
846
862
862
858
823
823
832
832
845
838
838
808
808
807
827
827
785
775
775
764
750
750
739
732
732
730
730
730
727
717
712
712
717
731
731
744
747
747
790
822
822
818
818
827
843
843
851
851
833
833
845
833
833
809
809
824
802
802
790
771
771
789
782
782
769
773
773
773
773
801
770
770
794
785
785
789
786
786
794
794
806
790
790
821
815
815
806
806
790
802
802
797
797
805
806
806
794
780
780
801
775
775
771
771
768
767
767
765
757
757
751
746
746
732
743
753
753
781
781
799
819
819
845
845
839
846
846
858
858
860
860
826
836
836
1073
1073
557
789
789
802
806
806
813
799
799
827
827
821
818
818
812
812
830
843
843
823
823
842
841
841
801
801
814
814
814
791
815
815
815
815
804
797
797
763
771
771
785
792
792
786
786
797
776
776
798
810
810
800
800
802
830
830
843
843
814
819
819
832
832
829
842
842
832
832
806
759
759
796
738
738
741
776
776
751
748
748
748
748
748
742
723
734
734
729
731
731
723
724
724
762
796
796
837
837
832
886
886
880
880
893
893
851
851
879
876
876
875
875
876
876
869
832
832
858
858
815
848
848
839
839
826
867
867
885
885
899
899
879
903
903
887
887
883
883
862
862
865
870
870
859
859
844
864
864
859
859
840
861
861
858
858
842
842
842
817
817
819
812
812
806
806
799
841
841
845
845
910
910
898
861
861
876
876
871
871
851
845
845
847
847
824
825
825
823
823
822
818
818
823
829
829
817
817
835
843
843
824
824
824
832
832
812
812
801
771
771
784
791
791
800
783
783
812
812
839
816
816
818
818
845
850
850
848
848
820
833
833
833
833
808
770
770
804
809
809
731
762
762
762
758
758
756
757
757
746
743
743
719
728
728
754
784
784
803
803
807
854
854
860
860
854
818
818
828
828
819
813
813
784
784
790
790
790
799
790
790
802
818
818
828
828
832
844
844
853
853
814
814
831
835
835
811
803
803
1089
1089
582
854
854
824
824
857
875
875
855
855
819
819
790
840
840
812
797
797
789
789
775
766
766
751
761
761
764
761
761
757
788
788
779
791
791
787
806
806
813
813
787
807
807
806
806
793
779
779
771
767
767
786
788
788
779
780
780
782
782
822
794
794
817
818
818
804
804
829
848
848
828
828
840
865
865
865
865
847
847
871
888
888
872
872
847
847
787
819
819
778
759
759
750
746
746
742
740
740
735
731
731
710
723
730
730
762
803
803
835
835
833
874
874
868
868
852
852
872
872
847
835
835
829
829
835
815
815
799
813
813
826
826
817
815
815
842
842
843
818
818
827
827
813
792
792
794
779
779
802
818
818
828
828
800
806
806
838
838
857
860
860
855
855
817
817
821
828
828
803
806
806
807
807
795
782
782
775
796
796
726
762
762
747
771
771
790
817
817
823
823
797
836
836
855
855
883
883
854
843
843
858
858
850
837
837
830
830
826
824
824
813
813
831
852
852
849
849
870
899
899
907
907
906
906
918
918
893
893
866
884
884
879
879
845
845
867
872
872
1101
1101
609
864
864
843
843
854
854
858
836
836
856
856
855
856
856
868
868
846
825
825
801
801
780
798
798
802
792
792
798
798
813
824
824
809
833
833
840
840
831
808
808
785
785
805
765
765
758
789
789
767
770
770
777
805
805
792
792
781
785
785
745
773
773
764
783
783
798
830
830
826
826
862
862
887
874
874
884
884
903
903
904
904
872
888
888
894
894
875
875
867
880
880
851
851
843
843
854
844
844
835
835
862
855
855
862
862
891
891
893
882
882
896
896
890
890
876
889
889
883
883
826
826
852
844
844
822
822
842
847
847
827
827
843
854
854
861
861
840
784
784
811
811
785
774
774
771
763
763
748
745
745
743
747
747
743
757
771
771
770
770
811
877
877
919
919
899
899
924
924
910
910
884
886
886
850
850
836
863
863
763
763
803
804
804
806
808
808
836
836
841
828
828
866
866
878
878
855
877
877
872
872
841
841
867
864
864
832
832
836
828
828
816
816
829
842
842
813
813
823
829
829
828
825
825
849
849
845
845
820
850
850
858
858
841
777
777
797
818
818
738
755
755
754
753
753
747
743
743
732
734
734
729
743
743
754
759
759
780
812
812
822
822
834
880
880
854
854
887
887
930
930
929
929
888
875
875
892
892
887
887
856
874
874
879
879
852
854
854
867
867
854
854
852
855
855
824
824
843
849
849
826
826
862
880
880
858
858
898
898
914
914
882
896
896
865
865
838
838
820
821
821
828
844
844
824
824
845
847
847
830
830
834
853
853
865
865
826
826
788
838
838
804
809
809
829
829
822
808
808
794
788
788
783
783
799
805
805
789
713
713
905
905
809
809
809
849
849
872
832
832
868
868
869
836
836
851
851
855
855
834
851
851
853
853
830
857
857
861
861
839
848
848
857
857
854
854
840
854
854
856
856
821
856
856
849
849
820
848
848
852
852
836
838
838
843
843
818
835
835
867
867
863
863
865
895
895
902
902
857
857
889
896
896
874
874
869
869
901
901
874
835
835
794
822
822
782
782
773
771
771
761
752
752
750
757
757
743
763
781
781
819
819
823
852
852
907
907
937
937
895
895
920
920
917
917
864
871
871
880
880
843
852
852
872
872
837
837
858
864
864
839
839
844
882
882
905
905
882
882
910
910
886
884
884
892
892
866
866
836
867
867
859
859
826
848
848
857
857
827
854
854
850
850
847
799
799
807
807
817
795
795
795
788
788
783
773
773
794
794
747
763
763
779
809
809
835
850
850
877
877
895
895
870
870
894
896
896
857
857
881
881
893
893
847
870
870
862
862
848
865
865
873
873
886
886
855
868
868
881
881
877
877
896
931
931
910
910
909
909
918
918
880
880
878
880
880
852
852
880
871
871
863
863
841
841
868
869
869
836
836
853
861
861
834
834
829
834
834
835
835
841
839
839
825
825
842
823
823
807
807
783
806
806
824
837
837
805
805
826
835
835
810
810
835
843
843
821
821
859
873
873
848
848
893
893
916
916
896
880
880
879
879
844
844
854
854
854
820
820
850
851
851
826
826
863
867
867
834
834
879
879
882
848
848
865
865
866
826
826
844
844
848
822
822
830
830
846
847
847
819
819
856
861
861
842
842
877
877
860
795
795
819
819
823
809
809
811
822
822
791
791
784
763
763
756
740
740
751
772
772
790
840
840
919
919
900
900
974
974
1041
1041
964
964
980
980
978
978
908
908
911
911
893
860
860
867
867
867
851
851
824
824
847
856
856
832
832
864
882
882
868
868
904
904
935
935
889
914
914
993
993
783
783
899
899
900
864
864
907
907
894
894
876
876
904
879
879
863
863
870
870
845
813
813
830
828
828
814
814
807
809
809
823
795
795
835
835
799
762
762
795
767
767
752
743
743
735
728
728
720
713
713
706
699
713
713
733
783
783
738
738
738
738
738
738
628
911
911
948
948
921
921
873
873
881
874
874
848
848
840
841
841
830
830
817
808
808
791
791
790
810
810
828
850
850
829
829
867
867
886
855
855
865
865
878
878
867
850
850
859
859
833
851
851
875
875
877
877
862
896
896
886
886
879
879
911
911
897
883
883
897
897
888
888
879
892
892
872
872
881
881
898
898
896
870
870
897
897
870
870
891
903
903
877
877
870
870
876
815
815
835
835
830
802
802
804
788
788
781
771
771
773
773
756
770
770
780
802
802
785
854
854
871
871
852
852
872
889
889
854
854
851
851
862
860
860
827
827
853
861
861
829
829
858
868
868
848
848
857
857
846
856
856
875
875
869
869
868
884
884
852
852
868
868
868
838
838
854
854
814
785
785
807
775
775
763
756
756
759
781
781
732
757
757
752
745
745
729
752
752
766
805
805
812
812
824
863
863
862
862
830
859
859
883
883
859
859
844
860
860
858
858
819
838
838
845
845
812
837
837
836
836
811
833
833
840
840
834
829
829
854
854
848
834
834
848
848
840
840
840
825
825
851
851
824
840
840
831
831
785
550
936
936
793
793
782
777
777
771
759
759
752
727
727
737
735
756
756
762
762
806
856
856
916
916
938
938
943
943
965
965
894
894
903
882
882
839
839
850
857
857
852
852
862
862
846
867
867
861
861
843
853
853
865
865
852
852
870
870
870
869
869
875
875
887
857
857
880
880
881
881
849
866
866
867
867
832
850
850
860
860
845
869
869
864
864
845
845
869
864
864
854
854
817
809
809
802
802
785
780
780
762
777
777
765
757
757
761
773
773
786
815
815
858
858
858
885
885
908
908
863
863
895
895
889
845
845
856
856
849
849
837
852
852
854
854
826
844
844
850
850
834
827
827
840
840
828
820
820
840
840
827
821
821
846
846
832
830
830
844
844
832
791
791
803
806
806
780
780
806
748
748
766
757
757
754
743
743
737
726
727
727
727
756
756
799
846
846
870
870
853
853
880
880
890
853
853
871
871
869
869
835
859
859
857
857
830
855
855
868
868
854
854
875
889
889
880
880
871
871
895
885
885
852
852
859
859
865
867
867
842
842
871
875
875
857
857
881
881
889
865
865
878
878
862
862
837
786
786
818
783
783
763
757
757
755
749
749
745
742
742
733
741
741
736
760
760
795
846
846
841
841
908
908
956
956
919
919
938
938
889
906
906
896
896
854
854
854
876
876
768
768
845
845
845
848
848
868
870
870
878
878
854
854
870
854
854
831
831
848
855
855
829
829
854
856
856
832
832
854
861
861
842
842
869
869
879
855
855
872
872
869
869
839
853
853
863
863
834
857
857
857
857
842
873
873
859
859
857
857
840
784
784
799
802
802
773
773
767
754
748
748
737
729
729
723
708
708
706
717
760
760
798
798
842
942
942
927
927
938
938
969
969
938
938
902
902
896
896
853
845
845
842
842
831
819
819
846
846
846
823
823
867
867
881
881
865
884
884
1160
1160
1160
603
870
870
870
841
841
865
861
861
840
840
875
875
885
872
872
893
893
872
872
852
818
818
785
785
816
799
799
805
796
796
803
789
789
774
774
768
763
763
753
783
783
805
818
818
822
822
847
828
828
815
815
830
820
820
807
807
815
803
803
807
794
794
796
796
784
744
744
763
757
757
730
728
721
721
722
724
724
725
721
721
730
751
751
748
770
770
764
767
767
812
803
803
808
808
845
858
858
833
833
837
839
839
833
833
809
821
821
821
821
807
812
812
824
824
816
817
817
851
851
829
854
854
895
895
876
876
870
899
899
892
892
854
854
871
866
866
834
834
852
860
860
844
844
867
867
893
856
856
880
880
884
884
847
857
857
871
871
837
836
836
854
854
843
816
816
840
840
832
815
815
766
766
798
781
781
751
929
929
539
725
719
719
716
710
710
702
701
705
705
703
702
702
719
730
735
735
768
768
796
782
782
812
798
798
789
789
775
754
754
759
757
757
751
754
754
758
766
766
765
790
790
780
780
780
788
788
784
760
760
769
762
762
752
742
742
755
758
758
754
768
768
769
755
755
770
763
763
773
809
809
818
818
810
813
813
800
800
760
749
749
756
733
722
722
718
719
719
719
723
723
714
714
719
719
720
737
737
768
801
801
806
806
822
828
828
844
844
812
831
831
837
837
815
836
836
822
822
823
834
834
806
806
821
825
825
812
812
799
819
819
822
803
803
834
834
849
815
815
835
835
821
807
807
791
795
795
778
778
796
809
809
801
787
787
797
797
813
799
799
809
825
825
808
808
828
819
819
805
805
764
763
763
787
749
749
737
769
769
699
731
716
716
711
709
709
700
692
688
688
705
716
716
722
742
742
760
750
750
762
771
771
751
757
757
764
752
752
769
775
775
767
789
789
776
776
761
760
760
735
740
740
732
723
718
718
718
714
714
704
707
704
704
688
695
695
694
701
664
664
671
663
669
669
671
682
698
698
697
682
712
712
699
695
695
693
695
695
697
688
690
690
680
670
668
668
657
655
650
650
638
637
653
639
639
630
623
615
615
615
617
614
612
604
600
600
602
594
592
595
590
584
584
589
593
600
594
638
638
646
652
652
652
657
664
666
666
652
682
656
656
641
642
635
629