716
721
721
739
734
734
719
732
722
722
733
716
716
704
696
696
696
683
698
698
700
719
719
719
714
730
730
878
878
542
690
700
706
706
707
699
699
698
716
728
728
756
801
801
816
816
776
791
791
781
781
741
745
745
734
705
692
692
692
724
755
755
766
766
800
811
811
779
800
800
781
781
755
738
738
752
732
732
720
730
708
708
702
722
722
732
727
727
757
789
789
798
771
771
756
784
784
788
788
766
748
748
758
755
755
744
736
752
752
760
760
758
747
747
759
772
772
765
771
771
795
783
783
759
784
784
737
719
719
696
685
686
686
685
678
678
685
699
699
699
696
715
715
742
748
748
734
724
674
674
711
731
731
738
732
732
774
792
792
771
760
760
792
792
791
764
764
789
798
798
765
766
766
797
797
813
786
786
811
829
829
818
818
792
827
827
841
841
829
789
789
806
809
809
774
774
771
805
805
830
817
817
834
834
837
812
812
1056
1056
604
801
801
828
828
840
805
805
796
796
801
795
795
764
780
780
774
745
745
755
759
759
746
735
735
762
802
802
771
767
767
796
796
804
774
774
760
776
776
754
729
729
710
712
738
738
768
770
770
757
757
803
814
814
794
794
794
784
784
849
772
772
803
803
807
776
776
789
806
806
803
789
789
829
829
844
799
799
814
814
821
794
794
785
806
806
811
811
792
826
826
840
840
817