938
938
966
966
1009
1009
938
938
944
944
1015
1015
1083
1083
1110
1110
1110
1138
1138
1015
1015
979
979
1019
1019
1029
1029
1042
1042
1082
1082
1076
1076
1062
1062
1062
1072
1072
1068
1068
996
996
1048
1048
1072
1072
1080
1080
1051
1051
1120
1120
1120
1148
1148
1069
1069
1109
1109
1119
1119
1119
1038
1038
1063
1063
1089
1089
1053
1053
987
987
1079
1079
1116
1116
1327
1327
1327
775
1082
1082
1082
1004
1004
1078
1078
1107
1107
1018
1018
1066
1066
1092
1092
1014
1014
1055
1055
1055
1126
1126
1083
1083
1042
1042
1090
1090
1021
1021
1042
1042
1074
1074
1074
985
1009
1009
994
994
973
973
1027
1027
1061
1061
1061
988
1055
1055
1055
1049
1049
980
980
1035
1035
1067
1067
1022
1022
1023
1023
1062
1062
991
991
1029
1029
1063
1063
979
979
1051
1051
1054
1054
960
960
1025
1025
1009
1009
939
939
977
977
953
953
888
888
903
871
871
831
831
802
794
794
786
786
786
805
821
821
849
849
863
863
896
895
895
921
921
934
934
891
891
956
956
931
931
952
952
954
954
933
998
998
1088
1088
1088
1000
1000
1042
1042
1003
1003
945
945
935
935
951
1017
1017
993
993
962
962
1018
1018
987
987
974
974
1023
1023
988
988
977
977